346
0 4 1
1 4 3
2 5 0
3 5 1
4 5 2
5 5 3
6 5 4
7 6 1
8 7 0
9 7 1
10 8 6
11 9 4
12 9 7
13 10 3
14 10 8
15 11 10
16 12 11
17 13 1
18 13 5
19 13 8
20 13 9
21 14 2
22 14 6
23 15 2
24 15 5
25 15 9
26 15 10
27 15 12
28 16 1
29 16 11
30 16 12
31 16 15
32 17 2
33 17 5
34 17 11
35 17 12
36 18 6
37 18 11
38 18 13
39 18 14
40 19 0
41 19 3
42 19 6
43 19 8
44 19 15
45 20 5
46 20 8
47 20 10
48 20 11
49 20 12
50 20 14
51 20 17
52 21 1
53 21 2
54 21 4
55 21 5
56 21 10
57 21 13
58 21 19
59 22 6
60 22 9
61 22 10
62 22 19
63 23 2
64 23 3
65 23 4
66 23 8
67 23 13
68 23 15
69 23 17
70 23 18
71 23 22
72 24 5
73 24 12
74 24 13
75 24 15
76 24 18
77 24 19
78 25 0
79 25 5
80 25 6
81 25 8
82 25 10
83 25 18
84 25 20
85 25 22
86 25 24
87 26 1
88 26 4
89 26 5
90 26 7
91 26 9
92 26 20
93 26 22
94 26 23
95 27 2
96 27 8
97 27 11
98 27 16
99 27 19
100 27 22
101 27 25
102 28 0
103 28 2
104 28 5
105 28 8
106 28 15
107 28 17
108 28 18
109 28 20
110 29 1
111 29 8
112 29 11
113 29 13
114 29 17
115 29 21
116 29 22
117 29 23
118 29 24
119 29 26
120 29 27
121 29 28
122 30 0
123 30 1
124 30 4
125 30 7
126 30 9
127 30 14
128 30 20
129 30 21
130 30 24
131 30 26
132 31 9
133 31 12
134 31 14
135 31 15
136 31 16
137 31 17
138 31 20
139 31 22
140 31 26
141 31 29
142 31 30
143 32 1
144 32 4
145 32 12
146 32 14
147 32 16
148 32 18
149 32 19
150 32 27
151 32 29
152 32 31
153 33 0
154 33 3
155 33 7
156 33 13
157 33 21
158 33 26
159 33 27
160 33 28
161 34 2
162 34 3
163 34 4
164 34 8
165 34 11
166 34 12
167 34 13
168 34 15
169 34 17
170 34 18
171 34 25
172 34 26
173 34 28
174 34 33
175 35 2
176 35 4
177 35 9
178 35 14
179 35 16
180 35 21
181 35 23
182 35 29
183 35 30
184 35 32
185 36 0
186 36 6
187 36 9
188 36 11
189 36 15
190 36 16
191 36 20
192 36 26
193 36 30
194 36 32
195 36 34
196 36 35
197 37 0
198 37 2
199 37 3
200 37 5
201 37 6
202 37 14
203 37 16
204 37 17
205 37 22
206 37 25
207 37 26
208 37 27
209 37 29
210 37 31
211 37 34
212 37 36
213 38 5
214 38 6
215 38 7
216 38 10
217 38 11
218 38 14
219 38 21
220 38 28
221 38 32
222 39 3
223 39 10
224 39 12
225 39 15
226 39 20
227 39 21
228 39 22
229 39 23
230 39 25
231 39 27
232 39 30
233 39 34
234 39 36
235 40 0
236 40 9
237 40 10
238 40 13
239 40 18
240 40 19
241 40 20
242 40 23
243 40 25
244 40 26
245 40 27
246 40 37
247 41 6
248 41 15
249 41 22
250 41 26
251 41 31
252 41 34
253 41 35
254 41 37
255 42 1
256 42 12
257 42 13
258 42 14
259 42 17
260 42 27
261 42 28
262 42 33
263 42 37
264 43 3
265 43 5
266 43 8
267 43 11
268 43 13
269 43 31
270 43 32
271 43 34
272 44 1
273 44 4
274 44 5
275 44 8
276 44 10
277 44 12
278 44 13
279 44 16
280 44 18
281 44 19
282 44 32
283 45 1
284 45 3
285 45 5
286 45 7
287 45 8
288 45 12
289 45 13
290 45 15
291 45 23
292 45 24
293 45 28
294 45 29
295 45 32
296 45 37
297 45 39
298 46 9
299 46 11
300 46 14
301 46 16
302 46 19
303 46 20
304 46 25
305 46 32
306 46 33
307 46 36
308 46 37
309 46 42
310 46 45
311 47 4
312 47 6
313 47 10
314 47 11
315 47 15
316 47 17
317 47 23
318 47 25
319 47 28
320 47 29
321 47 30
322 47 34
323 47 35
324 47 36
325 47 39
326 47 42
327 48 5
328 48 13
329 48 15
330 48 19
331 48 22
332 48 30
333 48 31
334 48 37
335 49 0
336 49 3
337 49 7
338 49 11
339 49 12
340 49 13
341 49 17
342 49 20
343 49 23
344 49 35
345 49 47
