2271
0 7 5
1 8 0
2 13 5
3 13 10
4 16 0
5 16 11
6 17 10
7 18 4
8 18 12
9 24 16
10 24 21
11 25 0
12 25 2
13 25 24
14 26 16
15 26 17
16 28 7
17 29 0
18 29 5
19 29 7
20 29 14
21 30 0
22 31 2
23 31 20
24 32 23
25 32 24
26 33 17
27 33 25
28 34 27
29 34 30
30 36 14
31 36 15
32 36 30
33 37 5
34 37 32
35 37 36
36 38 5
37 38 20
38 39 24
39 40 23
40 40 26
41 41 19
42 42 1
43 42 2
44 42 10
45 42 33
46 42 35
47 42 40
48 42 41
49 43 16
50 44 16
51 44 27
52 44 41
53 44 42
54 45 41
55 46 33
56 47 22
57 47 26
58 47 34
59 48 12
60 48 31
61 48 35
62 48 36
63 49 8
64 49 37
65 51 46
66 52 1
67 52 18
68 53 14
69 53 17
70 53 29
71 54 22
72 54 30
73 55 5
74 55 23
75 55 29
76 56 13
77 56 23
78 56 33
79 56 44
80 56 45
81 57 24
82 57 27
83 58 35
84 58 41
85 59 27
86 59 50
87 60 20
88 61 11
89 61 19
90 62 6
91 62 41
92 62 48
93 62 51
94 62 56
95 62 60
96 63 1
97 63 5
98 63 10
99 63 27
100 63 29
101 64 27
102 64 40
103 64 42
104 64 51
105 64 62
106 65 2
107 66 15
108 66 27
109 66 28
110 66 32
111 66 42
112 67 5
113 67 20
114 67 24
115 67 35
116 67 43
117 68 12
118 68 55
119 70 23
120 70 41
121 70 57
122 70 60
123 70 62
124 71 14
125 71 18
126 71 37
127 72 31
128 72 44
129 72 63
130 73 13
131 73 52
132 73 64
133 74 12
134 74 57
135 74 58
136 75 25
137 75 47
138 75 63
139 76 20
140 76 27
141 76 69
142 76 70
143 77 11
144 77 19
145 77 24
146 77 37
147 78 19
148 78 45
149 78 59
150 79 2
151 79 49
152 79 65
153 80 19
154 80 26
155 81 11
156 81 23
157 81 76
158 82 41
159 83 15
160 83 18
161 83 42
162 83 78
163 84 6
164 84 65
165 85 6
166 85 8
167 85 18
168 85 34
169 85 35
170 85 37
171 85 79
172 86 13
173 86 19
174 86 27
175 86 31
176 86 57
177 87 9
178 87 11
179 87 30
180 87 36
181 87 40
182 87 45
183 87 50
184 87 66
185 87 75
186 88 21
187 89 32
188 89 54
189 89 74
190 90 2
191 90 14
192 90 15
193 90 51
194 90 53
195 90 69
196 91 0
197 91 57
198 91 59
199 91 63
200 91 66
201 91 76
202 91 82
203 91 85
204 92 36
205 92 42
206 92 66
207 92 70
208 92 72
209 92 76
210 93 33
211 93 41
212 93 45
213 93 48
214 93 56
215 93 57
216 94 4
217 94 27
218 94 33
219 94 70
220 95 22
221 95 37
222 95 44
223 95 55
224 97 11
225 97 41
226 97 75
227 98 23
228 98 63
229 98 66
230 98 69
231 98 88
232 99 11
233 99 20
234 99 70
235 99 80
236 99 83
237 99 85
238 99 88
239 99 91
240 99 93
241 99 94
242 100 4
243 100 29
244 100 36
245 100 64
246 100 77
247 100 84
248 100 94
249 101 31
250 101 36
251 101 41
252 101 45
253 101 46
254 101 72
255 101 81
256 102 4
257 102 59
258 102 84
259 103 1
260 103 73
261 103 80
262 103 87
263 103 92
264 104 0
265 104 11
266 104 16
267 104 22
268 104 29
269 104 60
270 104 71
271 104 91
272 104 98
273 104 99
274 105 18
275 105 75
276 105 76
277 105 78
278 105 82
279 105 87
280 105 92
281 106 8
282 106 10
283 106 26
284 106 42
285 106 95
286 107 106
287 108 6
288 108 7
289 108 21
290 108 33
291 108 35
292 108 89
293 108 92
294 108 99
295 109 31
296 109 50
297 109 51
298 109 54
299 109 82
300 110 24
301 110 67
302 110 80
303 110 81
304 111 16
305 111 21
306 111 52
307 111 60
308 111 93
309 112 8
310 112 37
311 112 46
312 112 61
313 112 84
314 112 100
315 112 104
316 113 28
317 113 39
318 113 49
319 113 79
320 113 103
321 114 7
322 114 17
323 114 49
324 114 52
325 114 60
326 114 69
327 114 97
328 114 113
329 115 81
330 115 92
331 115 93
332 115 101
333 115 108
334 116 29
335 116 42
336 116 76
337 116 87
338 116 105
339 117 10
340 117 27
341 117 30
342 117 43
343 117 60
344 118 22
345 118 24
346 118 39
347 118 70
348 119 30
349 119 34
350 119 38
351 119 49
352 119 59
353 119 63
354 119 66
355 119 97
356 119 102
357 120 65
358 120 67
359 120 88
360 120 91
361 121 15
362 121 22
363 121 41
364 121 44
365 121 50
366 121 86
367 121 97
368 122 12
369 122 27
370 122 35
371 122 53
372 122 71
373 122 90
374 123 12
375 123 24
376 123 34
377 123 40
378 123 66
379 123 85
380 124 3
381 124 32
382 124 68
383 124 78
384 124 88
385 124 91
386 124 96
387 124 118
388 124 123
389 125 6
390 125 83
391 126 27
392 126 45
393 126 77
394 126 97
395 126 102
396 127 29
397 127 32
398 127 47
399 127 49
400 127 53
401 127 73
402 127 88
403 127 110
404 127 121
405 128 15
406 128 30
407 128 73
408 129 13
409 129 39
410 129 84
411 129 86
412 129 97
413 129 123
414 130 47
415 130 56
416 130 87
417 130 123
418 131 33
419 131 39
420 131 47
421 131 65
422 131 82
423 131 83
424 131 106
425 131 119
426 132 10
427 132 18
428 132 48
429 132 64
430 132 83
431 132 101
432 132 111
433 132 120
434 133 11
435 133 15
436 133 16
437 133 20
438 133 30
439 133 41
440 133 56
441 133 84
442 133 98
443 133 117
444 133 126
445 134 0
446 134 39
447 134 95
448 135 2
449 135 27
450 135 38
451 135 46
452 135 110
453 136 8
454 136 11
455 136 45
456 136 55
457 136 76
458 136 102
459 136 107
460 136 126
461 137 28
462 137 74
463 137 92
464 137 110
465 138 7
466 138 22
467 138 65
468 138 77
469 138 86
470 138 111
471 138 113
472 138 121
473 138 130
474 139 33
475 139 72
476 139 74
477 139 85
478 139 91
479 139 116
480 139 122
481 140 3
482 140 20
483 140 39
484 140 108
485 140 118
486 141 16
487 141 36
488 141 63
489 141 66
490 141 99
491 141 114
492 141 134
493 142 36
494 142 67
495 142 75
496 142 77
497 142 96
498 143 23
499 143 108
500 143 119
501 143 138
502 143 139
503 144 1
504 144 7
505 144 13
506 144 24
507 144 30
508 144 36
509 144 57
510 144 60
511 144 105
512 144 120
513 144 131
514 145 2
515 145 13
516 145 15
517 145 29
518 145 43
519 145 48
520 145 88
521 145 102
522 145 137
523 145 139
524 146 2
525 146 5
526 146 21
527 146 29
528 146 37
529 146 120
530 146 137
531 147 8
532 147 72
533 147 117
534 147 130
535 147 135
536 147 144
537 147 146
538 148 42
539 148 78
540 148 81
541 148 106
542 148 129
543 148 135
544 149 36
545 149 44
546 149 64
547 149 124
548 149 125
549 149 135
550 150 17
551 150 36
552 150 45
553 150 75
554 150 79
555 150 100
556 150 139
557 151 10
558 151 32
559 151 52
560 151 57
561 151 59
562 151 68
563 151 78
564 151 96
565 151 102
566 151 132
567 151 150
568 152 43
569 152 51
570 152 53
571 152 101
572 152 122
573 152 141
574 153 3
575 153 11
576 153 19
577 153 48
578 153 108
579 153 137
580 154 10
581 154 45
582 154 55
583 154 64
584 154 69
585 154 74
586 154 98
587 154 106
588 154 114
589 154 117
590 154 118
591 155 3
592 155 65
593 155 97
594 155 113
595 155 131
596 155 133
597 156 2
598 156 13
599 156 26
600 156 53
601 156 66
602 156 100
603 156 103
604 156 114
605 156 136
606 156 141
607 156 145
608 156 152
609 157 24
610 157 63
611 157 100
612 157 111
613 157 134
614 158 25
615 158 74
616 158 145
617 159 1
618 159 14
619 159 15
620 159 36
621 159 45
622 159 73
623 159 91
624 159 112
625 160 10
626 160 22
627 160 65
628 160 69
629 160 85
630 160 105
631 160 143
632 160 147
633 160 157
634 161 4
635 161 7
636 161 29
637 161 37
638 161 66
639 161 70
640 161 99
641 161 129
642 161 145
643 162 20
644 162 40
645 162 47
646 162 58
647 162 65
648 162 106
649 163 7
650 163 46
651 163 68
652 163 73
653 163 76
654 163 80
655 163 102
656 163 108
657 163 125
658 163 144
659 163 152
660 163 159
661 164 2
662 164 20
663 164 96
664 164 123
665 164 152
666 165 0
667 165 136
668 165 148
669 166 21
670 166 32
671 166 37
672 166 50
673 166 74
674 166 165
675 167 15
676 167 52
677 167 60
678 167 65
679 167 127
680 167 136
681 167 164
682 167 166
683 168 25
684 168 69
685 168 86
686 168 145
687 168 147
688 168 154
689 168 159
690 169 13
691 169 17
692 169 38
693 169 86
694 169 102
695 169 109
696 169 161
697 169 168
698 170 23
699 170 24
700 170 67
701 170 105
702 170 120
703 170 155
704 170 156
705 170 161
706 171 16
707 171 18
708 171 86
709 171 125
710 171 128
711 171 133
712 171 150
713 172 9
714 172 32
715 172 36
716 172 45
717 172 53
718 172 97
719 172 101
720 172 105
721 172 117
722 172 122
723 172 126
724 172 131
725 172 138
726 172 141
727 173 20
728 173 60
729 173 65
730 173 87
731 173 97
732 173 101
733 173 106
734 173 112
735 173 125
736 173 167
737 174 16
738 174 34
739 174 60
740 174 87
741 174 93
742 174 96
743 174 103
744 174 109
745 174 149
746 174 156
747 175 31
748 175 45
749 175 80
750 175 144
751 175 161
752 175 162
753 176 19
754 176 75
755 176 100
756 176 106
757 177 7
758 177 23
759 177 35
760 177 46
761 177 71
762 177 77
763 177 94
764 177 124
765 177 130
766 177 135
767 177 137
768 177 144
769 177 164
770 178 9
771 178 39
772 178 56
773 178 95
774 178 100
775 178 105
776 178 126
777 178 135
778 178 169
779 178 177
780 179 50
781 179 65
782 179 83
783 179 85
784 179 103
785 179 166
786 179 167
787 180 1
788 180 5
789 180 16
790 180 48
791 180 68
792 180 71
793 180 73
794 180 80
795 180 90
796 180 93
797 180 124
798 180 139
799 180 165
800 180 173
801 181 4
802 181 12
803 181 51
804 181 77
805 181 180
806 182 53
807 182 59
808 182 64
809 182 68
810 182 140
811 182 143
812 182 150
813 183 26
814 183 77
815 183 81
816 183 128
817 183 132
818 183 147
819 183 171
820 184 29
821 184 81
822 184 91
823 184 109
824 184 128
825 184 129
826 184 182
827 185 16
828 185 21
829 185 44
830 185 65
831 185 90
832 185 153
833 186 87
834 186 101
835 186 115
836 186 124
837 186 150
838 187 20
839 187 30
840 187 47
841 187 52
842 187 93
843 187 97
844 187 115
845 187 134
846 187 146
847 187 155
848 187 174
849 188 37
850 188 42
851 188 133
852 188 135
853 188 139
854 188 142
855 188 159
856 188 160
857 188 164
858 188 185
859 189 27
860 189 36
861 189 37
862 189 71
863 189 90
864 189 92
865 189 94
866 189 98
867 189 100
868 189 123
869 189 125
870 189 150
871 189 179
872 190 46
873 190 153
874 190 156
875 191 41
876 191 49
877 191 55
878 191 58
879 191 70
880 191 78
881 191 82
882 191 84
883 191 87
884 191 94
885 191 123
886 191 128
887 191 129
888 191 139
889 191 165
890 192 44
891 192 58
892 192 92
893 192 108
894 192 112
895 192 136
896 192 145
897 192 150
898 192 161
899 192 166
900 192 168
901 192 177
902 192 178
903 193 38
904 193 155
905 193 161
906 193 181
907 194 17
908 194 49
909 194 71
910 194 78
911 194 88
912 194 102
913 194 126
914 194 135
915 194 153
916 194 193
917 195 13
918 195 33
919 195 39
920 195 59
921 195 92
922 195 113
923 195 114
924 195 152
925 195 166
926 195 189
927 196 15
928 196 34
929 196 38
930 196 57
931 196 73
932 196 103
933 196 107
934 196 110
935 196 132
936 196 134
937 196 143
938 196 156
939 196 159
940 196 195
941 197 31
942 197 91
943 197 95
944 197 120
945 197 163
946 197 176
947 198 34
948 198 38
949 198 42
950 198 99
951 198 110
952 198 125
953 198 150
954 198 157
955 198 178
956 199 24
957 199 50
958 199 76
959 199 77
960 199 98
961 199 108
962 199 114
963 199 143
964 199 144
965 199 150
966 199 155
967 199 170
968 200 19
969 200 44
970 200 78
971 200 84
972 200 92
973 200 113
974 200 116
975 200 140
976 200 175
977 200 188
978 201 27
979 201 39
980 201 61
981 201 87
982 201 100
983 201 102
984 201 115
985 201 123
986 201 156
987 201 175
988 202 32
989 202 44
990 202 57
991 202 81
992 202 102
993 202 117
994 202 151
995 202 159
996 203 13
997 203 52
998 203 74
999 203 104
1000 203 180
1001 203 188
1002 203 202
1003 204 2
1004 204 12
1005 204 19
1006 204 29
1007 204 50
1008 204 63
1009 204 69
1010 204 74
1011 204 83
1012 204 106
1013 204 117
1014 204 129
1015 204 142
1016 204 148
1017 204 152
1018 205 9
1019 205 41
1020 205 48
1021 205 52
1022 205 139
1023 205 153
1024 205 172
1025 205 174
1026 206 26
1027 206 51
1028 206 71
1029 206 78
1030 206 88
1031 206 110
1032 206 133
1033 206 154
1034 206 157
1035 206 176
1036 206 185
1037 206 189
1038 206 195
1039 207 64
1040 207 76
1041 207 100
1042 207 101
1043 207 117
1044 207 168
1045 207 189
1046 207 190
1047 207 192
1048 207 201
1049 208 26
1050 208 33
1051 208 46
1052 208 162
1053 208 176
1054 208 182
1055 209 2
1056 209 23
1057 209 27
1058 209 38
1059 209 41
1060 209 57
1061 209 60
1062 209 82
1063 209 95
1064 209 136
1065 209 137
1066 209 156
1067 209 188
1068 209 202
1069 210 4
1070 210 15
1071 210 31
1072 210 35
1073 210 46
1074 210 60
1075 210 61
1076 210 82
1077 210 128
1078 210 136
1079 210 161
1080 210 162
1081 210 171
1082 210 176
1083 211 153
1084 211 155
1085 211 169
1086 211 184
1087 211 193
1088 212 1
1089 212 21
1090 212 41
1091 212 43
1092 212 48
1093 212 58
1094 212 120
1095 212 171
1096 213 15
1097 213 33
1098 213 60
1099 213 99
1100 213 124
1101 213 129
1102 213 146
1103 213 170
1104 213 184
1105 214 0
1106 214 2
1107 214 27
1108 214 84
1109 214 94
1110 214 109
1111 214 141
1112 214 151
1113 214 152
1114 214 191
1115 214 206
1116 214 207
1117 214 208
1118 215 3
1119 215 23
1120 215 42
1121 215 50
1122 215 66
1123 215 86
1124 215 112
1125 215 124
1126 215 151
1127 215 176
1128 216 2
1129 216 20
1130 216 88
1131 216 100
1132 216 153
1133 216 173
1134 216 195
1135 216 197
1136 216 210
1137 217 84
1138 217 99
1139 217 126
1140 217 133
1141 217 200
1142 217 210
1143 217 215
1144 218 42
1145 218 52
1146 218 70
1147 218 93
1148 218 129
1149 218 193
1150 218 200
1151 219 16
1152 219 48
1153 219 58
1154 219 78
1155 219 93
1156 219 95
1157 219 104
1158 219 109
1159 219 145
1160 219 189
1161 219 197
1162 220 18
1163 220 33
1164 220 36
1165 220 65
1166 220 95
1167 220 97
1168 220 104
1169 220 121
1170 220 124
1171 220 164
1172 220 218
1173 221 2
1174 221 4
1175 221 8
1176 221 36
1177 221 98
1178 221 103
1179 221 116
1180 221 119
1181 221 138
1182 221 188
1183 222 3
1184 222 9
1185 222 17
1186 222 26
1187 222 53
1188 222 107
1189 222 119
1190 222 120
1191 222 198
1192 222 221
1193 223 5
1194 223 8
1195 223 26
1196 223 32
1197 223 84
1198 223 98
1199 223 101
1200 223 116
1201 223 118
1202 223 136
1203 223 156
1204 223 169
1205 223 182
1206 223 192
1207 223 199
1208 224 6
1209 224 8
1210 224 51
1211 224 125
1212 224 143
1213 224 151
1214 224 161
1215 224 162
1216 224 168
1217 224 172
1218 224 181
1219 224 189
1220 224 222
1221 225 27
1222 225 44
1223 225 46
1224 225 61
1225 225 100
1226 225 148
1227 225 149
1228 225 167
1229 225 190
1230 225 195
1231 225 198
1232 225 204
1233 226 14
1234 226 17
1235 226 35
1236 226 38
1237 226 59
1238 226 119
1239 226 123
1240 226 143
1241 226 167
1242 226 176
1243 226 224
1244 227 4
1245 227 24
1246 227 29
1247 227 34
1248 227 41
1249 227 48
1250 227 88
1251 227 89
1252 227 107
1253 227 124
1254 227 156
1255 227 188
1256 227 192
1257 227 202
1258 227 226
1259 228 15
1260 228 51
1261 228 65
1262 228 103
1263 228 113
1264 228 128
1265 228 194
1266 228 213
1267 229 2
1268 229 27
1269 229 65
1270 229 78
1271 229 81
1272 229 94
1273 229 124
1274 229 132
1275 229 142
1276 229 168
1277 229 195
1278 229 204
1279 229 205
1280 230 3
1281 230 6
1282 230 8
1283 230 17
1284 230 27
1285 230 39
1286 230 62
1287 230 84
1288 230 93
1289 230 101
1290 230 106
1291 230 121
1292 230 158
1293 230 182
1294 230 207
1295 231 17
1296 231 48
1297 231 64
1298 231 79
1299 231 90
1300 231 93
1301 231 174
1302 231 176
1303 231 199
1304 232 11
1305 232 15
1306 232 24
1307 232 33
1308 232 34
1309 232 59
1310 232 60
1311 232 93
1312 232 98
1313 232 125
1314 232 139
1315 232 141
1316 232 188
1317 232 190
1318 232 191
1319 233 26
1320 233 90
1321 233 123
1322 233 127
1323 233 154
1324 233 161
1325 233 166
1326 233 178
1327 233 193
1328 233 196
1329 234 10
1330 234 44
1331 234 54
1332 234 92
1333 234 103
1334 234 107
1335 234 116
1336 234 119
1337 234 126
1338 234 134
1339 234 140
1340 234 150
1341 234 154
1342 234 170
1343 234 172
1344 234 184
1345 234 197
1346 234 214
1347 234 219
1348 235 8
1349 235 13
1350 235 32
1351 235 48
1352 235 87
1353 235 89
1354 235 141
1355 235 142
1356 235 162
1357 235 166
1358 235 189
1359 235 210
1360 235 217
1361 235 232
1362 236 0
1363 236 33
1364 236 42
1365 236 44
1366 236 45
1367 236 52
1368 236 68
1369 236 83
1370 236 86
1371 236 97
1372 236 103
1373 236 106
1374 236 123
1375 236 127
1376 236 150
1377 236 155
1378 236 161
1379 236 181
1380 237 8
1381 237 9
1382 237 22
1383 237 37
1384 237 51
1385 237 53
1386 237 61
1387 237 62
1388 237 69
1389 237 112
1390 237 129
1391 237 187
1392 237 190
1393 237 210
1394 238 42
1395 238 50
1396 238 69
1397 238 125
1398 238 135
1399 238 152
1400 238 169
1401 238 170
1402 238 179
1403 238 236
1404 239 3
1405 239 7
1406 239 22
1407 239 61
1408 239 66
1409 239 68
1410 239 69
1411 239 116
1412 239 167
1413 239 213
1414 240 31
1415 240 37
1416 240 38
1417 240 49
1418 240 53
1419 240 57
1420 240 89
1421 240 113
1422 240 178
1423 240 188
1424 240 197
1425 240 212
1426 241 55
1427 241 91
1428 241 102
1429 241 127
1430 241 130
1431 241 134
1432 241 146
1433 241 152
1434 241 198
1435 241 205
1436 241 218
1437 241 233
1438 241 237
1439 242 51
1440 242 74
1441 242 91
1442 242 118
1443 242 125
1444 242 129
1445 242 148
1446 242 151
1447 242 176
1448 242 180
1449 242 191
1450 242 218
1451 242 237
1452 243 18
1453 243 20
1454 243 36
1455 243 44
1456 243 101
1457 243 108
1458 243 118
1459 243 119
1460 243 122
1461 243 186
1462 243 190
1463 243 218
1464 243 231
1465 243 239
1466 244 7
1467 244 12
1468 244 28
1469 244 29
1470 244 35
1471 244 46
1472 244 50
1473 244 80
1474 244 83
1475 244 101
1476 244 188
1477 244 190
1478 244 204
1479 244 211
1480 244 231
1481 245 14
1482 245 16
1483 245 27
1484 245 33
1485 245 48
1486 245 66
1487 245 151
1488 245 173
1489 245 242
1490 246 7
1491 246 8
1492 246 26
1493 246 35
1494 246 53
1495 246 84
1496 246 134
1497 246 138
1498 246 140
1499 246 180
1500 246 240
1501 247 11
1502 247 29
1503 247 48
1504 247 54
1505 247 61
1506 247 80
1507 247 86
1508 247 94
1509 247 95
1510 247 105
1511 247 113
1512 247 217
1513 247 236
1514 248 12
1515 248 14
1516 248 19
1517 248 36
1518 248 90
1519 248 99
1520 248 112
1521 248 121
1522 248 126
1523 248 140
1524 248 179
1525 248 218
1526 248 233
1527 248 242
1528 248 244
1529 249 12
1530 249 22
1531 249 24
1532 249 26
1533 249 35
1534 249 36
1535 249 78
1536 249 101
1537 249 103
1538 249 136
1539 249 146
1540 249 160
1541 249 173
1542 249 182
1543 249 245
1544 250 3
1545 250 5
1546 250 34
1547 250 38
1548 250 40
1549 250 111
1550 250 113
1551 250 136
1552 250 195
1553 250 210
1554 251 25
1555 251 222
1556 251 231
1557 251 246
1558 252 0
1559 252 4
1560 252 7
1561 252 36
1562 252 37
1563 252 70
1564 252 75
1565 252 79
1566 252 87
1567 252 90
1568 252 137
1569 252 156
1570 252 209
1571 252 251
1572 253 40
1573 253 42
1574 253 47
1575 253 59
1576 253 76
1577 253 88
1578 253 171
1579 253 173
1580 253 188
1581 253 202
1582 253 215
1583 253 234
1584 254 16
1585 254 19
1586 254 33
1587 254 40
1588 254 43
1589 254 55
1590 254 60
1591 254 74
1592 254 110
1593 254 126
1594 254 160
1595 254 190
1596 254 210
1597 254 216
1598 254 219
1599 254 241
1600 254 247
1601 255 8
1602 255 12
1603 255 38
1604 255 65
1605 255 104
1606 255 109
1607 255 178
1608 255 207
1609 255 220
1610 255 248
1611 256 37
1612 256 52
1613 256 60
1614 256 129
1615 256 133
1616 256 142
1617 256 161
1618 256 173
1619 256 189
1620 256 198
1621 256 204
1622 256 217
1623 256 240
1624 256 252
1625 257 21
1626 257 33
1627 257 43
1628 257 51
1629 257 64
1630 257 79
1631 257 81
1632 257 92
1633 257 110
1634 257 156
1635 257 157
1636 257 165
1637 257 169
1638 257 174
1639 257 179
1640 257 242
1641 258 12
1642 258 15
1643 258 25
1644 258 48
1645 258 77
1646 258 84
1647 258 94
1648 258 123
1649 258 142
1650 258 151
1651 258 152
1652 258 156
1653 258 164
1654 258 196
1655 258 215
1656 258 217
1657 258 227
1658 258 240
1659 258 251
1660 258 253
1661 259 11
1662 259 13
1663 259 25
1664 259 26
1665 259 41
1666 259 55
1667 259 59
1668 259 113
1669 259 114
1670 259 166
1671 259 203
1672 259 205
1673 260 4
1674 260 42
1675 260 174
1676 260 181
1677 260 205
1678 260 216
1679 260 241
1680 261 16
1681 261 26
1682 261 32
1683 261 48
1684 261 64
1685 261 127
1686 261 128
1687 261 130
1688 261 144
1689 261 148
1690 261 159
1691 261 166
1692 261 205
1693 261 209
1694 262 1
1695 262 4
1696 262 9
1697 262 31
1698 262 63
1699 262 68
1700 262 85
1701 262 143
1702 262 183
1703 262 185
1704 262 187
1705 262 200
1706 262 231
1707 263 22
1708 263 39
1709 263 57
1710 263 79
1711 263 82
1712 263 94
1713 263 134
1714 263 172
1715 263 177
1716 263 201
1717 263 204
1718 263 209
1719 263 249
1720 263 253
1721 264 11
1722 264 23
1723 264 34
1724 264 63
1725 264 103
1726 264 104
1727 264 105
1728 264 129
1729 264 155
1730 264 168
1731 264 174
1732 264 176
1733 264 191
1734 264 199
1735 264 209
1736 264 220
1737 264 236
1738 264 248
1739 265 1
1740 265 27
1741 265 43
1742 265 60
1743 265 64
1744 265 112
1745 265 141
1746 265 162
1747 265 178
1748 265 200
1749 265 224
1750 265 255
1751 266 19
1752 266 24
1753 266 42
1754 266 52
1755 266 80
1756 266 97
1757 266 107
1758 266 117
1759 266 119
1760 266 121
1761 266 124
1762 266 132
1763 266 160
1764 266 165
1765 266 195
1766 266 203
1767 266 236
1768 266 237
1769 267 26
1770 267 29
1771 267 49
1772 267 106
1773 267 108
1774 267 114
1775 267 120
1776 267 124
1777 267 186
1778 267 229
1779 268 4
1780 268 7
1781 268 15
1782 268 31
1783 268 61
1784 268 86
1785 268 117
1786 268 128
1787 268 140
1788 268 147
1789 268 148
1790 268 169
1791 268 225
1792 268 229
1793 269 33
1794 269 36
1795 269 39
1796 269 45
1797 269 51
1798 269 56
1799 269 62
1800 269 95
1801 269 98
1802 269 126
1803 269 163
1804 269 190
1805 269 194
1806 269 204
1807 269 211
1808 269 242
1809 269 244
1810 269 261
1811 269 266
1812 270 2
1813 270 19
1814 270 58
1815 270 126
1816 270 138
1817 270 166
1818 270 171
1819 270 175
1820 270 177
1821 270 231
1822 270 260
1823 271 15
1824 271 30
1825 271 73
1826 271 92
1827 271 115
1828 271 124
1829 271 151
1830 271 160
1831 271 166
1832 271 183
1833 271 188
1834 271 191
1835 271 200
1836 271 208
1837 271 228
1838 271 237
1839 271 238
1840 271 249
1841 271 257
1842 271 260
1843 271 269
1844 272 37
1845 272 51
1846 272 52
1847 272 55
1848 272 81
1849 272 136
1850 272 156
1851 272 224
1852 272 232
1853 272 248
1854 272 265
1855 272 268
1856 273 2
1857 273 20
1858 273 22
1859 273 28
1860 273 48
1861 273 52
1862 273 55
1863 273 70
1864 273 74
1865 273 83
1866 273 84
1867 273 86
1868 273 87
1869 273 160
1870 273 173
1871 273 179
1872 273 203
1873 273 207
1874 273 216
1875 273 246
1876 273 247
1877 273 250
1878 273 253
1879 273 259
1880 273 265
1881 273 267
1882 273 269
1883 273 271
1884 274 9
1885 274 11
1886 274 32
1887 274 70
1888 274 104
1889 274 106
1890 274 131
1891 274 138
1892 274 160
1893 274 210
1894 274 211
1895 274 215
1896 274 263
1897 275 5
1898 275 10
1899 275 12
1900 275 54
1901 275 56
1902 275 63
1903 275 71
1904 275 75
1905 275 89
1906 275 92
1907 275 101
1908 275 106
1909 275 157
1910 275 192
1911 275 226
1912 275 260
1913 276 25
1914 276 35
1915 276 46
1916 276 81
1917 276 106
1918 276 114
1919 276 115
1920 276 130
1921 276 163
1922 276 228
1923 276 229
1924 276 238
1925 276 260
1926 276 266
1927 277 8
1928 277 25
1929 277 47
1930 277 48
1931 277 51
1932 277 67
1933 277 77
1934 277 88
1935 277 91
1936 277 93
1937 277 95
1938 277 99
1939 277 105
1940 277 144
1941 277 150
1942 277 153
1943 277 194
1944 277 224
1945 277 230
1946 277 242
1947 278 34
1948 278 66
1949 278 163
1950 278 183
1951 278 188
1952 278 189
1953 278 210
1954 278 227
1955 278 229
1956 279 18
1957 279 38
1958 279 49
1959 279 103
1960 279 111
1961 279 154
1962 279 156
1963 279 171
1964 279 211
1965 279 213
1966 279 229
1967 279 231
1968 279 232
1969 279 241
1970 280 10
1971 280 27
1972 280 29
1973 280 40
1974 280 45
1975 280 77
1976 280 83
1977 280 91
1978 280 97
1979 280 103
1980 280 151
1981 280 164
1982 280 171
1983 280 178
1984 280 193
1985 280 194
1986 280 197
1987 280 213
1988 280 230
1989 280 246
1990 280 255
1991 280 261
1992 281 7
1993 281 20
1994 281 50
1995 281 91
1996 281 108
1997 281 158
1998 281 206
1999 281 223
2000 281 234
2001 281 239
2002 281 251
2003 281 273
2004 282 4
2005 282 18
2006 282 21
2007 282 45
2008 282 46
2009 282 61
2010 282 65
2011 282 107
2012 282 116
2013 282 126
2014 282 162
2015 282 169
2016 282 175
2017 282 197
2018 282 217
2019 282 221
2020 282 229
2021 283 13
2022 283 26
2023 283 44
2024 283 58
2025 283 60
2026 283 62
2027 283 86
2028 283 102
2029 283 107
2030 283 150
2031 283 165
2032 283 179
2033 283 180
2034 283 218
2035 283 232
2036 283 257
2037 283 269
2038 283 281
2039 284 33
2040 284 43
2041 284 57
2042 284 60
2043 284 72
2044 284 96
2045 284 108
2046 284 130
2047 284 138
2048 284 140
2049 284 196
2050 284 222
2051 284 233
2052 284 254
2053 284 265
2054 285 20
2055 285 46
2056 285 70
2057 285 84
2058 285 88
2059 285 89
2060 285 100
2061 285 131
2062 285 150
2063 285 167
2064 285 169
2065 285 174
2066 285 191
2067 285 204
2068 285 280
2069 285 282
2070 286 0
2071 286 21
2072 286 37
2073 286 48
2074 286 75
2075 286 76
2076 286 87
2077 286 128
2078 286 147
2079 286 154
2080 286 181
2081 286 182
2082 286 235
2083 286 236
2084 286 243
2085 286 252
2086 286 272
2087 286 277
2088 287 6
2089 287 9
2090 287 20
2091 287 53
2092 287 61
2093 287 67
2094 287 118
2095 287 151
2096 287 198
2097 287 253
2098 287 254
2099 287 271
2100 288 14
2101 288 18
2102 288 34
2103 288 47
2104 288 110
2105 288 113
2106 288 139
2107 288 151
2108 288 157
2109 288 170
2110 288 186
2111 288 199
2112 288 204
2113 288 215
2114 288 268
2115 288 287
2116 289 4
2117 289 5
2118 289 46
2119 289 60
2120 289 76
2121 289 97
2122 289 110
2123 289 141
2124 289 170
2125 289 204
2126 289 216
2127 289 220
2128 289 234
2129 289 251
2130 289 273
2131 289 278
2132 290 6
2133 290 10
2134 290 63
2135 290 70
2136 290 89
2137 290 107
2138 290 125
2139 290 167
2140 290 197
2141 290 199
2142 290 235
2143 290 238
2144 291 1
2145 291 2
2146 291 9
2147 291 17
2148 291 51
2149 291 63
2150 291 96
2151 291 113
2152 291 194
2153 291 203
2154 291 208
2155 291 216
2156 291 223
2157 291 230
2158 291 238
2159 291 241
2160 291 265
2161 291 275
2162 291 281
2163 292 39
2164 292 42
2165 292 51
2166 292 65
2167 292 93
2168 292 124
2169 292 140
2170 292 192
2171 292 194
2172 292 198
2173 292 208
2174 292 243
2175 292 275
2176 292 281
2177 292 289
2178 293 10
2179 293 35
2180 293 117
2181 293 166
2182 293 170
2183 293 216
2184 293 238
2185 293 268
2186 294 21
2187 294 27
2188 294 29
2189 294 62
2190 294 68
2191 294 89
2192 294 92
2193 294 112
2194 294 152
2195 294 159
2196 294 191
2197 294 217
2198 294 218
2199 294 225
2200 294 239
2201 294 247
2202 294 262
2203 295 13
2204 295 16
2205 295 46
2206 295 68
2207 295 119
2208 295 149
2209 295 155
2210 295 187
2211 295 188
2212 295 199
2213 295 221
2214 295 235
2215 295 247
2216 295 260
2217 296 27
2218 296 93
2219 296 107
2220 296 129
2221 296 133
2222 296 139
2223 296 147
2224 296 242
2225 296 246
2226 296 272
2227 297 27
2228 297 34
2229 297 38
2230 297 53
2231 297 58
2232 297 62
2233 297 74
2234 297 83
2235 297 99
2236 297 118
2237 297 155
2238 297 223
2239 297 241
2240 297 257
2241 297 268
2242 298 14
2243 298 21
2244 298 86
2245 298 133
2246 298 153
2247 298 163
2248 298 182
2249 298 223
2250 298 242
2251 298 260
2252 298 290
2253 299 0
2254 299 59
2255 299 69
2256 299 75
2257 299 91
2258 299 99
2259 299 101
2260 299 104
2261 299 109
2262 299 147
2263 299 159
2264 299 164
2265 299 208
2266 299 229
2267 299 239
2268 299 261
2269 299 285
2270 299 292
