488
0 3 0
1 5 3
2 6 0
3 7 1
4 7 2
5 9 2
6 9 7
7 9 8
8 10 9
9 11 5
10 11 6
11 14 0
12 14 4
13 14 9
14 15 7
15 16 10
16 17 1
17 17 8
18 18 3
19 18 9
20 18 11
21 18 13
22 19 16
23 20 3
24 20 14
25 20 12
31 25 21
36 26 22
38 27 24
42 30 16
43 30 28
44 31 13
45 31 21
49 32 29
52 33 23
53 34 33
57 35 25
58 35 26
59 35 27
64 36 24
67 38 30
68 38 32
69 38 33
70 38 34
74 39 23
75 39 25
76 40 31
82 42 38
83 42 41
84 43 40
88 44 43
103 48 41
108 49 46
109 49 44
110 49 45
111 49 47
120 50 47
122 51 47
127 52 39
138 56 55
149 58 53
150 58 55
151 59 53
169 62 54
176 64 55
182 65 59
193 66 56
194 66 57
195 66 58
202 67 55
203 67 60
204 68 51
205 68 55
206 68 64
207 68 67
215 69 56
216 69 68
221 70 57
222 70 60
223 70 61
224 70 63
230 71 42
231 71 57
245 73 69
254 74 72
267 76 71
268 76 75
286 78 77
293 79 72
294 79 73
295 79 76
323 82 79
335 84 73
336 84 75
337 84 78
344 85 78
345 85 79
351 86 81
358 87 78
370 88 78
371 88 80
386 90 78
401 92 72
402 92 73
403 92 87
416 93 71
417 93 72
418 93 76
419 93 78
425 94 78
426 94 84
427 94 86
428 94 87
429 94 92
437 95 71
438 95 72
439 95 87
452 96 83
453 96 85
454 96 87
461 97 89
470 98 71
471 98 79
472 98 86
473 98 90
474 98 91
485 99 82
486 99 86
487 99 87
