367
0 4 0
1 13 9
2 14 1
3 14 6
4 17 11
5 19 8
6 24 5
7 24 22
8 25 14
9 25 18
10 26 0
11 31 28
12 33 14
13 35 26
14 36 5
15 36 9
16 36 32
17 40 32
18 40 35
19 41 27
20 42 13
21 44 13
22 44 27
23 46 18
24 46 23
25 46 26
26 47 1
27 47 22
28 49 30
29 49 37
30 52 16
31 54 23
32 54 36
33 57 34
34 58 23
35 59 0
36 59 12
37 59 30
38 60 4
39 61 22
40 62 30
41 65 10
42 66 39
43 67 27
44 67 46
45 68 43
46 68 62
47 68 64
48 69 39
49 70 4
50 70 33
51 71 45
52 73 13
53 73 24
54 74 17
55 74 73
56 77 7
57 77 24
58 77 43
59 78 32
60 79 35
61 79 49
62 80 6
63 80 16
64 80 31
65 81 56
66 81 61
67 82 45
68 83 67
69 84 48
70 85 3
71 85 74
72 86 0
73 86 6
74 86 16
75 87 9
76 87 15
77 87 29
78 88 70
79 89 14
80 89 43
81 90 30
82 90 47
83 92 78
84 93 17
85 94 26
86 94 33
87 94 77
88 95 46
89 96 22
90 97 84
91 98 3
92 98 46
93 99 70
94 101 60
95 102 6
96 102 43
97 102 65
98 102 84
99 104 53
100 105 21
101 105 84
102 107 5
103 107 48
104 108 4
105 111 106
106 112 24
107 113 35
108 113 39
109 113 40
110 113 88
111 114 56
112 114 59
113 114 93
114 115 13
115 115 49
116 115 78
117 115 91
118 116 3
119 117 15
120 117 19
121 117 46
122 118 2
123 119 42
124 119 115
125 120 5
126 120 13
127 120 72
128 121 42
129 122 14
130 122 95
131 123 15
132 123 30
133 123 87
134 125 7
135 125 88
136 126 105
137 126 106
138 128 75
139 128 78
140 129 28
141 129 29
142 129 32
143 129 71
144 130 44
145 130 49
146 130 92
147 130 118
148 131 55
149 131 75
150 132 3
151 132 33
152 133 16
153 133 42
154 133 56
155 134 50
156 134 78
157 134 98
158 135 48
159 136 56
160 136 87
161 136 97
162 136 115
163 136 135
164 137 24
165 137 29
166 137 87
167 137 88
168 137 106
169 138 10
170 139 13
171 139 106
172 140 36
173 140 62
174 140 92
175 140 115
176 141 0
177 141 1
178 141 13
179 141 19
180 141 51
181 141 80
182 142 4
183 142 45
184 143 11
185 143 23
186 144 27
187 144 49
188 145 110
189 145 120
190 145 128
191 146 16
192 146 69
193 147 45
194 147 123
195 149 145
196 150 20
197 150 33
198 150 44
199 150 48
200 151 35
201 151 45
202 151 125
203 152 67
204 152 84
205 152 150
206 153 65
207 153 94
208 153 145
209 154 23
210 154 51
211 154 127
212 155 8
213 155 44
214 155 75
215 155 95
216 155 141
217 156 107
218 157 16
219 157 87
220 157 131
221 158 23
222 158 56
223 158 98
224 159 13
225 159 70
226 159 72
227 159 80
228 159 100
229 160 71
230 160 85
231 160 147
232 161 10
233 162 96
234 162 98
235 163 40
236 163 57
237 163 118
238 163 121
239 164 59
240 164 114
241 164 154
242 164 156
243 165 8
244 165 152
245 166 23
246 167 48
247 167 166
248 168 3
249 168 21
250 168 64
251 168 88
252 168 93
253 168 102
254 168 158
255 169 17
256 169 107
257 170 0
258 170 118
259 170 131
260 170 149
261 170 167
262 171 42
263 171 51
264 171 145
265 172 48
266 172 68
267 172 72
268 172 108
269 172 151
270 173 27
271 173 29
272 173 33
273 174 2
274 174 7
275 174 15
276 174 84
277 174 98
278 174 113
279 175 56
280 175 88
281 176 75
282 176 108
283 176 136
284 177 6
285 177 101
286 178 51
287 178 52
288 178 73
289 179 109
290 179 120
291 179 140
292 179 147
293 180 39
294 180 74
295 180 125
296 180 161
297 182 30
298 182 75
299 183 8
300 183 24
301 183 120
302 183 167
303 184 28
304 184 66
305 184 78
306 184 115
307 184 123
308 184 177
309 185 44
310 185 51
311 186 35
312 186 43
313 186 86
314 186 136
315 186 174
316 186 182
317 187 56
318 187 86
319 188 29
320 188 48
321 188 94
322 189 31
323 190 63
324 190 64
325 190 66
326 190 75
327 190 161
328 190 166
329 191 16
330 191 35
331 191 76
332 191 110
333 191 125
334 192 12
335 192 13
336 192 67
337 192 97
338 192 116
339 193 8
340 193 103
341 193 130
342 194 32
343 194 103
344 194 105
345 194 137
346 195 69
347 195 74
348 195 127
349 195 132
350 195 171
351 195 182
352 196 12
353 196 20
354 196 42
355 196 171
356 196 189
357 197 11
358 197 68
359 197 152
360 198 15
361 198 38
362 198 87
363 199 65
364 199 88
365 199 150
366 199 165
