602
0 8 1
1 9 5
2 12 8
3 15 2
4 19 3
5 19 7
6 19 12
7 21 2
8 23 12
9 26 17
10 27 19
11 27 24
12 32 29
13 35 9
14 35 23
15 35 29
16 36 28
17 36 31
18 37 2
19 37 5
20 38 3
21 38 25
22 40 26
23 42 13
24 42 31
25 42 34
26 43 24
27 44 24
28 44 38
29 45 3
30 45 29
31 46 13
32 46 28
33 47 6
34 48 12
35 48 41
36 49 18
37 49 20
38 49 21
39 49 48
40 50 35
41 51 9
42 51 18
43 51 37
44 52 1
45 53 3
46 54 17
47 55 6
48 55 49
49 56 30
50 57 1
51 57 47
52 57 52
53 59 40
54 60 43
55 61 11
56 61 21
57 61 54
58 62 0
59 62 20
60 63 43
61 64 2
62 64 48
63 65 43
64 65 45
65 66 35
66 66 55
67 67 9
68 67 66
69 68 46
70 69 16
71 69 28
72 69 57
73 70 40
74 71 26
75 72 33
76 72 38
77 73 4
78 73 24
79 73 43
80 73 69
81 74 13
82 74 25
83 75 11
84 75 33
85 75 38
86 76 11
87 76 30
88 76 38
89 77 34
90 78 44
91 78 59
92 79 14
93 79 49
94 80 26
95 80 27
96 81 7
97 81 29
98 81 37
99 81 44
100 81 54
101 81 55
102 81 56
103 82 37
104 83 41
105 83 42
106 84 12
107 84 67
108 85 75
109 86 43
110 87 11
111 87 18
112 87 30
113 87 71
114 88 71
115 88 77
116 89 15
117 89 41
118 89 60
119 89 78
120 90 12
121 90 28
122 90 31
123 90 42
124 91 43
125 91 83
126 92 32
127 92 62
128 93 16
129 93 70
130 94 7
131 94 24
132 94 78
133 94 82
134 95 26
135 95 28
136 96 4
137 96 64
138 97 70
139 97 77
140 97 93
141 98 68
142 99 45
143 99 91
144 100 11
145 101 91
146 102 8
147 102 56
148 102 77
149 102 78
150 103 26
151 103 58
152 104 1
153 104 19
154 105 0
155 105 80
156 106 41
157 106 53
158 106 62
159 106 69
160 106 94
161 107 14
162 107 34
163 107 66
164 107 98
165 108 8
166 108 45
167 108 90
168 108 104
169 109 22
170 109 25
171 109 42
172 109 107
173 110 10
174 110 49
175 111 19
176 111 62
177 112 11
178 112 28
179 112 36
180 112 37
181 112 74
182 112 108
183 113 4
184 113 16
185 113 29
186 113 64
187 114 24
188 114 35
189 114 53
190 116 36
191 116 79
192 117 6
193 118 92
194 119 7
195 119 12
196 119 14
197 119 56
198 119 98
199 119 104
200 120 7
201 120 62
202 120 87
203 120 113
204 121 25
205 121 32
206 121 77
207 121 91
208 122 10
209 122 76
210 123 56
211 123 88
212 124 26
213 124 55
214 124 71
215 124 110
216 125 7
217 125 87
218 125 90
219 126 37
220 126 78
221 127 20
222 127 22
223 127 25
224 127 31
225 127 61
226 127 65
227 127 114
228 128 78
229 128 106
230 129 17
231 129 38
232 130 15
233 130 72
234 130 79
235 130 122
236 131 14
237 131 42
238 131 90
239 132 31
240 132 43
241 132 45
242 132 106
243 132 108
244 133 3
245 133 5
246 133 9
247 133 58
248 133 66
249 133 69
250 133 99
251 133 128
252 133 131
253 134 45
254 134 101
255 134 118
256 135 54
257 135 129
258 136 39
259 136 77
260 136 124
261 137 66
262 137 77
263 138 1
264 138 4
265 138 33
266 138 62
267 138 102
268 138 135
269 139 27
270 139 76
271 139 77
272 139 106
273 140 4
274 140 12
275 140 26
276 141 22
277 141 27
278 141 35
279 141 36
280 141 37
281 141 41
282 141 77
283 141 137
284 142 58
285 142 80
286 142 96
287 142 105
288 142 108
289 142 118
290 143 2
291 143 6
292 143 33
293 143 47
294 143 107
295 143 108
296 143 110
297 143 116
298 143 126
299 143 131
300 143 138
301 145 128
302 145 132
303 146 48
304 146 73
305 146 85
306 146 113
307 146 126
308 146 132
309 147 8
310 147 13
311 147 55
312 147 127
313 147 142
314 147 145
315 148 20
316 148 33
317 148 79
318 148 108
319 148 123
320 148 145
321 149 48
322 149 62
323 149 135
324 149 136
325 150 80
326 151 10
327 151 35
328 151 36
329 151 91
330 151 111
331 152 4
332 152 104
333 152 121
334 152 133
335 153 15
336 153 34
337 153 43
338 153 52
339 153 77
340 153 133
341 153 152
342 154 3
343 154 54
344 154 119
345 155 48
346 155 91
347 156 5
348 156 19
349 156 29
350 156 58
351 156 59
352 156 81
353 156 87
354 157 33
355 157 113
356 157 127
357 157 133
358 157 150
359 158 2
360 158 6
361 158 57
362 158 58
363 158 61
364 158 104
365 158 107
366 158 126
367 159 18
368 159 33
369 159 34
370 159 40
371 159 47
372 159 69
373 159 71
374 159 93
375 159 94
376 159 102
377 159 113
378 159 118
379 159 148
380 160 14
381 160 78
382 160 96
383 160 110
384 160 122
385 160 129
386 161 9
387 161 14
388 161 74
389 161 105
390 161 115
391 161 117
392 162 16
393 162 83
394 162 116
395 162 151
396 162 157
397 163 22
398 163 71
399 163 118
400 164 39
401 164 85
402 164 111
403 164 129
404 165 83
405 166 49
406 166 73
407 167 26
408 167 122
409 167 123
410 167 155
411 167 161
412 167 164
413 167 166
414 168 68
415 168 100
416 168 130
417 168 156
418 169 14
419 169 37
420 169 41
421 169 104
422 169 127
423 169 130
424 169 149
425 170 30
426 170 33
427 170 43
428 170 46
429 170 64
430 170 90
431 170 92
432 170 97
433 171 65
434 171 112
435 171 118
436 171 148
437 171 155
438 172 12
439 172 86
440 172 102
441 172 109
442 172 127
443 172 171
444 173 65
445 173 81
446 173 87
447 173 98
448 173 151
449 173 160
450 174 15
451 174 32
452 174 84
453 174 113
454 175 2
455 175 5
456 175 74
457 175 139
458 175 140
459 176 10
460 176 50
461 176 95
462 176 120
463 177 20
464 177 87
465 177 111
466 177 131
467 177 140
468 177 162
469 177 171
470 178 35
471 178 84
472 178 90
473 178 112
474 179 27
475 179 39
476 179 62
477 179 72
478 179 83
479 179 97
480 179 104
481 179 137
482 179 167
483 180 39
484 180 55
485 180 131
486 180 133
487 181 19
488 181 24
489 181 42
490 181 73
491 181 85
492 181 98
493 181 118
494 181 144
495 182 43
496 182 114
497 182 117
498 182 123
499 182 139
500 183 0
501 183 18
502 183 33
503 183 34
504 183 37
505 183 47
506 183 80
507 184 4
508 184 7
509 184 19
510 184 49
511 184 71
512 184 95
513 184 150
514 184 173
515 185 5
516 185 9
517 185 17
518 185 22
519 185 26
520 185 65
521 185 135
522 185 138
523 185 147
524 186 33
525 186 45
526 186 136
527 186 151
528 186 162
529 186 185
530 187 130
531 187 173
532 188 28
533 188 72
534 188 77
535 189 8
536 189 28
537 189 38
538 189 49
539 189 157
540 189 162
541 190 17
542 190 37
543 190 54
544 190 60
545 190 79
546 190 102
547 190 114
548 190 178
549 190 185
550 190 189
551 191 53
552 191 59
553 191 145
554 191 158
555 191 175
556 191 183
557 192 18
558 192 23
559 193 14
560 193 18
561 193 35
562 193 180
563 193 181
564 194 0
565 194 36
566 194 72
567 194 89
568 194 125
569 194 133
570 194 135
571 194 142
572 194 148
573 194 151
574 194 183
575 195 0
576 195 9
577 195 12
578 195 32
579 195 53
580 195 121
581 196 9
582 196 33
583 196 34
584 196 67
585 196 118
586 196 154
587 196 158
588 196 169
589 196 185
590 197 5
591 197 127
592 197 153
593 197 176
594 198 64
595 198 67
596 198 71
597 198 111
598 198 132
599 198 144
600 199 54
601 199 98
