2320
0 8 5
1 9 5
2 12 2
3 14 10
4 16 0
5 18 14
6 18 17
7 21 0
8 22 0
9 24 17
10 25 9
11 27 10
12 27 22
13 30 4
14 32 3
15 32 22
16 33 23
17 34 25
18 35 1
19 35 3
20 37 19
21 37 24
22 38 18
23 38 37
24 39 29
25 40 9
26 41 10
27 41 28
28 43 8
29 43 38
30 43 41
31 45 28
32 46 25
33 46 43
34 47 5
35 50 25
36 50 37
37 51 22
38 51 29
39 53 15
40 54 25
41 54 26
42 54 42
43 55 21
44 55 22
45 55 27
46 56 12
47 57 4
48 57 49
49 57 55
50 58 19
51 58 44
52 59 13
53 61 14
54 61 28
55 61 42
56 61 53
57 62 44
58 64 47
59 65 31
60 65 63
61 66 38
62 66 58
63 68 25
64 68 33
65 68 63
66 69 8
67 69 28
68 69 40
69 70 23
70 70 37
71 74 15
72 75 12
73 75 14
74 75 38
75 75 69
76 76 23
77 76 50
78 76 68
79 76 71
80 77 12
81 77 25
82 77 59
83 78 51
84 79 13
85 79 40
86 79 49
87 80 46
88 80 70
89 80 74
90 81 18
91 81 66
92 82 0
93 82 5
94 82 8
95 82 10
96 82 11
97 82 28
98 82 57
99 82 61
100 82 69
101 83 72
102 84 29
103 85 28
104 85 45
105 85 74
106 85 78
107 86 11
108 87 84
109 88 0
110 88 17
111 89 11
112 89 71
113 90 13
114 90 23
115 90 24
116 90 26
117 90 64
118 91 5
119 92 17
120 92 90
121 93 14
122 93 46
123 93 61
124 93 84
125 94 26
126 94 33
127 94 47
128 94 65
129 95 22
130 95 56
131 95 79
132 95 87
133 95 90
134 96 39
135 96 68
136 96 86
137 97 6
138 97 50
139 97 94
140 98 0
141 98 7
142 98 10
143 98 37
144 98 41
145 98 95
146 99 75
147 99 78
148 101 60
149 101 93
150 102 29
151 103 21
152 103 27
153 103 62
154 103 66
155 103 100
156 104 64
157 104 73
158 104 96
159 106 84
160 106 86
161 107 19
162 107 62
163 107 75
164 107 87
165 107 96
166 107 97
167 108 86
168 108 95
169 108 105
170 109 40
171 109 42
172 109 65
173 110 15
174 111 3
175 111 8
176 111 60
177 111 77
178 112 59
179 112 60
180 112 72
181 113 43
182 113 59
183 113 85
184 114 93
185 115 20
186 115 27
187 115 75
188 115 77
189 115 82
190 116 68
191 117 21
192 117 46
193 117 106
194 117 113
195 118 21
196 118 34
197 119 22
198 119 44
199 119 74
200 119 104
201 119 117
202 120 3
203 120 55
204 120 72
205 120 78
206 120 111
207 121 20
208 121 46
209 121 114
210 122 20
211 122 76
212 122 89
213 122 104
214 122 109
215 123 62
216 123 81
217 124 76
218 124 100
219 125 31
220 125 38
221 125 60
222 125 75
223 125 114
224 126 1
225 126 20
226 126 99
227 126 104
228 127 39
229 127 78
230 127 83
231 127 95
232 128 51
233 128 82
234 128 101
235 128 117
236 128 121
237 129 27
238 129 33
239 129 36
240 129 53
241 129 67
242 129 123
243 130 11
244 130 75
245 130 114
246 130 123
247 131 44
248 131 67
249 131 88
250 131 93
251 131 113
252 131 123
253 132 1
254 132 16
255 132 21
256 132 22
257 132 49
258 132 53
259 132 58
260 132 61
261 132 74
262 132 101
263 132 129
264 133 15
265 133 120
266 134 41
267 134 43
268 134 100
269 135 9
270 135 27
271 136 9
272 136 20
273 136 42
274 136 82
275 136 91
276 136 113
277 137 12
278 137 60
279 137 62
280 137 69
281 137 91
282 137 94
283 138 12
284 138 53
285 138 87
286 138 119
287 138 122
288 140 6
289 140 11
290 140 19
291 140 84
292 140 112
293 141 43
294 141 93
295 141 124
296 142 11
297 142 49
298 142 59
299 142 68
300 142 127
301 143 1
302 143 10
303 143 49
304 143 63
305 143 71
306 143 84
307 143 92
308 143 113
309 143 119
310 143 123
311 143 128
312 144 62
313 144 88
314 145 11
315 145 68
316 145 79
317 145 96
318 145 120
319 146 20
320 146 63
321 146 101
322 147 11
323 147 31
324 147 49
325 147 71
326 147 117
327 147 119
328 147 126
329 148 3
330 148 12
331 148 16
332 148 28
333 148 79
334 149 45
335 149 46
336 149 78
337 149 120
338 149 141
339 149 142
340 150 67
341 150 129
342 150 134
343 151 69
344 151 91
345 151 106
346 152 20
347 152 22
348 153 12
349 153 75
350 153 103
351 153 118
352 153 149
353 154 6
354 154 19
355 155 29
356 155 51
357 155 77
358 155 126
359 156 155
360 157 1
361 157 16
362 157 155
363 157 156
364 158 21
365 158 42
366 158 53
367 158 97
368 158 107
369 158 154
370 159 56
371 159 105
372 159 122
373 159 131
374 159 139
375 160 8
376 160 122
377 161 39
378 161 41
379 161 119
380 162 10
381 162 48
382 162 83
383 162 95
384 162 102
385 162 116
386 162 120
387 162 153
388 162 157
389 163 16
390 163 55
391 163 113
392 164 14
393 164 35
394 164 68
395 164 81
396 164 107
397 164 134
398 165 9
399 165 64
400 165 131
401 165 160
402 166 25
403 166 63
404 166 114
405 166 118
406 166 161
407 167 21
408 167 37
409 167 41
410 167 76
411 167 117
412 167 140
413 168 8
414 168 74
415 168 102
416 168 116
417 168 137
418 168 166
419 169 27
420 169 35
421 169 130
422 169 157
423 170 39
424 170 104
425 170 113
426 170 131
427 170 151
428 171 71
429 171 86
430 171 130
431 171 153
432 172 18
433 172 28
434 172 73
435 172 101
436 173 17
437 173 23
438 173 45
439 173 98
440 173 101
441 173 136
442 174 5
443 174 14
444 174 31
445 174 41
446 174 42
447 174 47
448 174 81
449 174 121
450 174 122
451 174 144
452 175 24
453 175 63
454 175 112
455 175 147
456 175 161
457 176 106
458 176 130
459 176 139
460 176 155
461 176 160
462 176 167
463 177 41
464 177 58
465 177 69
466 177 126
467 178 35
468 178 50
469 179 53
470 179 72
471 179 115
472 179 133
473 179 144
474 180 146
475 181 12
476 181 79
477 181 85
478 181 169
479 182 22
480 182 82
481 182 126
482 182 162
483 182 179
484 183 8
485 183 99
486 183 112
487 183 148
488 183 181
489 184 69
490 184 70
491 184 117
492 184 131
493 185 6
494 185 17
495 185 29
496 185 69
497 185 140
498 185 175
499 186 63
500 186 83
501 186 144
502 187 11
503 187 146
504 187 162
505 187 166
506 187 181
507 188 85
508 188 108
509 188 113
510 189 29
511 189 35
512 189 45
513 189 114
514 189 118
515 189 130
516 190 28
517 190 40
518 190 44
519 190 56
520 190 67
521 190 70
522 190 94
523 190 152
524 191 2
525 191 75
526 191 129
527 191 131
528 191 144
529 191 182
530 192 30
531 192 122
532 192 130
533 192 147
534 192 189
535 192 191
536 193 67
537 193 74
538 193 132
539 193 166
540 193 167
541 194 19
542 194 112
543 194 113
544 194 116
545 194 152
546 194 176
547 195 23
548 195 59
549 195 155
550 195 156
551 196 61
552 196 68
553 196 76
554 196 96
555 196 99
556 196 158
557 196 192
558 197 20
559 197 47
560 197 85
561 197 87
562 197 100
563 197 135
564 198 25
565 198 34
566 198 62
567 198 114
568 198 147
569 198 158
570 199 37
571 199 76
572 199 87
573 199 170
574 199 188
575 200 45
576 200 59
577 200 106
578 200 178
579 200 196
580 201 14
581 201 56
582 201 150
583 202 34
584 202 61
585 202 83
586 202 96
587 202 109
588 202 118
589 202 135
590 202 136
591 202 161
592 202 162
593 202 167
594 202 174
595 202 184
596 203 70
597 203 112
598 203 122
599 203 129
600 203 146
601 203 172
602 203 183
603 204 23
604 204 122
605 204 175
606 205 101
607 205 140
608 205 187
609 206 22
610 206 53
611 206 57
612 206 78
613 206 93
614 206 148
615 206 157
616 206 192
617 206 202
618 207 14
619 207 116
620 207 139
621 207 153
622 207 203
623 208 9
624 208 107
625 208 157
626 208 165
627 208 187
628 209 3
629 209 7
630 209 19
631 209 154
632 210 3
633 210 24
634 210 34
635 210 60
636 210 105
637 210 112
638 210 156
639 211 1
640 211 12
641 211 37
642 211 51
643 211 62
644 211 148
645 211 189
646 212 24
647 212 78
648 212 149
649 212 186
650 212 198
651 213 2
652 213 86
653 213 158
654 213 178
655 213 203
656 213 207
657 214 53
658 214 60
659 214 63
660 214 113
661 214 131
662 214 139
663 214 152
664 215 5
665 215 9
666 215 50
667 215 155
668 215 180
669 217 3
670 217 77
671 217 78
672 217 87
673 217 163
674 217 164
675 217 165
676 217 183
677 217 206
678 217 214
679 218 3
680 218 47
681 218 78
682 218 87
683 218 138
684 218 144
685 218 212
686 219 14
687 219 69
688 219 74
689 219 173
690 219 192
691 219 207
692 220 10
693 220 44
694 221 69
695 221 80
696 221 108
697 221 150
698 221 166
699 221 185
700 221 208
701 221 216
702 222 28
703 222 40
704 222 57
705 222 60
706 222 99
707 222 125
708 222 133
709 222 148
710 222 194
711 223 6
712 223 22
713 223 32
714 223 67
715 223 98
716 223 124
717 223 131
718 223 167
719 223 217
720 224 136
721 224 216
722 224 222
723 225 60
724 225 131
725 225 147
726 225 211
727 225 221
728 226 96
729 226 106
730 226 124
731 227 8
732 227 17
733 227 28
734 227 59
735 227 86
736 227 89
737 228 14
738 228 50
739 228 55
740 228 68
741 228 100
742 228 101
743 228 108
744 228 118
745 228 123
746 228 198
747 229 35
748 229 46
749 229 72
750 229 73
751 229 82
752 229 157
753 229 197
754 230 38
755 230 42
756 230 56
757 230 61
758 230 83
759 230 97
760 230 101
761 230 132
762 230 142
763 230 149
764 230 151
765 230 174
766 230 197
767 231 33
768 231 35
769 231 48
770 231 91
771 231 120
772 231 125
773 231 128
774 231 186
775 232 20
776 232 25
777 232 44
778 232 69
779 232 88
780 232 173
781 233 66
782 233 92
783 233 123
784 233 161
785 233 173
786 233 184
787 233 223
788 234 22
789 234 35
790 234 88
791 234 99
792 234 138
793 234 207
794 235 8
795 235 25
796 235 27
797 235 78
798 235 153
799 235 231
800 236 15
801 236 35
802 236 81
803 236 117
804 237 146
805 237 181
806 238 58
807 238 67
808 238 77
809 238 116
810 238 178
811 238 204
812 238 225
813 239 2
814 239 16
815 239 97
816 239 100
817 239 132
818 239 201
819 240 23
820 240 50
821 240 86
822 240 133
823 240 134
824 240 164
825 240 200
826 240 223
827 241 14
828 241 36
829 241 43
830 241 46
831 241 65
832 241 89
833 241 178
834 241 196
835 241 226
836 242 5
837 242 25
838 242 51
839 242 191
840 242 234
841 242 238
842 243 120
843 243 135
844 243 144
845 243 149
846 244 1
847 244 9
848 244 44
849 244 67
850 244 81
851 244 107
852 244 147
853 244 175
854 244 227
855 244 233
856 244 240
857 245 29
858 245 33
859 245 106
860 245 134
861 245 176
862 245 187
863 245 207
864 245 221
865 245 224
866 245 239
867 246 4
868 246 93
869 247 34
870 247 39
871 247 81
872 247 84
873 247 85
874 247 183
875 247 214
876 247 219
877 247 237
878 248 33
879 248 43
880 248 103
881 248 149
882 248 218
883 248 241
884 249 21
885 249 34
886 249 68
887 249 111
888 249 128
889 249 131
890 249 164
891 249 168
892 250 174
893 250 180
894 251 54
895 251 59
896 251 69
897 251 74
898 251 144
899 251 169
900 251 238
901 251 245
902 252 58
903 252 101
904 252 224
905 253 11
906 253 79
907 253 126
908 253 127
909 253 139
910 253 183
911 253 219
912 253 239
913 254 13
914 254 16
915 254 45
916 254 58
917 254 104
918 254 108
919 254 110
920 254 134
921 254 171
922 254 214
923 254 217
924 255 8
925 255 25
926 255 28
927 255 131
928 255 145
929 255 169
930 255 193
931 255 213
932 255 214
933 255 215
934 256 4
935 256 9
936 256 46
937 256 48
938 256 70
939 256 99
940 256 105
941 256 118
942 256 248
943 257 9
944 257 14
945 257 95
946 257 115
947 257 127
948 257 227
949 257 253
950 258 5
951 258 29
952 258 70
953 258 74
954 258 78
955 258 94
956 258 144
957 258 168
958 258 183
959 258 193
960 258 212
961 258 213
962 258 228
963 259 10
964 259 45
965 259 74
966 259 89
967 259 91
968 259 105
969 259 220
970 259 252
971 260 27
972 260 61
973 260 89
974 260 146
975 260 183
976 261 14
977 261 58
978 261 94
979 261 108
980 261 181
981 261 194
982 262 1
983 262 67
984 262 146
985 262 163
986 262 214
987 262 217
988 262 226
989 262 241
990 263 33
991 263 178
992 264 16
993 264 21
994 264 45
995 264 112
996 264 117
997 264 156
998 264 182
999 264 204
1000 264 230
1001 264 234
1002 264 246
1003 265 26
1004 265 31
1005 265 32
1006 265 75
1007 265 78
1008 265 99
1009 265 131
1010 265 168
1011 265 213
1012 265 226
1013 266 5
1014 266 37
1015 266 124
1016 266 138
1017 266 165
1018 267 47
1019 267 79
1020 267 106
1021 267 134
1022 267 187
1023 267 209
1024 268 29
1025 268 51
1026 268 98
1027 268 120
1028 268 126
1029 268 140
1030 268 151
1031 268 162
1032 268 188
1033 268 224
1034 268 230
1035 269 2
1036 269 10
1037 269 33
1038 269 49
1039 270 9
1040 270 56
1041 270 139
1042 270 164
1043 270 173
1044 270 198
1045 270 261
1046 271 81
1047 271 103
1048 271 116
1049 271 152
1050 271 168
1051 271 181
1052 271 207
1053 271 266
1054 272 13
1055 272 194
1056 272 247
1057 273 22
1058 273 85
1059 273 88
1060 273 93
1061 273 102
1062 273 147
1063 273 154
1064 273 167
1065 273 182
1066 273 192
1067 273 256
1068 274 43
1069 274 97
1070 274 153
1071 274 199
1072 274 201
1073 274 242
1074 274 273
1075 275 39
1076 275 51
1077 275 62
1078 275 95
1079 275 128
1080 275 145
1081 275 153
1082 275 228
1083 275 241
1084 275 257
1085 276 6
1086 276 14
1087 276 104
1088 276 179
1089 276 199
1090 276 206
1091 276 240
1092 276 275
1093 277 11
1094 277 21
1095 277 25
1096 277 53
1097 277 91
1098 277 99
1099 277 103
1100 277 112
1101 277 119
1102 277 168
1103 277 185
1104 277 269
1105 278 25
1106 278 55
1107 278 62
1108 278 73
1109 278 86
1110 278 113
1111 278 131
1112 278 165
1113 278 167
1114 278 202
1115 278 203
1116 278 274
1117 279 59
1118 279 127
1119 279 182
1120 279 260
1121 279 275
1122 280 15
1123 280 57
1124 280 76
1125 280 109
1126 280 116
1127 280 174
1128 280 244
1129 281 23
1130 281 35
1131 281 61
1132 281 65
1133 281 154
1134 281 162
1135 281 167
1136 281 180
1137 281 182
1138 281 189
1139 281 191
1140 281 199
1141 281 245
1142 282 42
1143 282 71
1144 282 125
1145 282 171
1146 282 203
1147 282 211
1148 282 220
1149 282 223
1150 283 1
1151 283 207
1152 283 246
1153 284 72
1154 284 83
1155 284 130
1156 284 151
1157 284 173
1158 284 179
1159 285 24
1160 285 82
1161 285 95
1162 285 114
1163 285 163
1164 285 169
1165 285 175
1166 285 218
1167 286 3
1168 286 62
1169 286 88
1170 286 89
1171 286 119
1172 286 146
1173 286 147
1174 286 167
1175 286 196
1176 286 219
1177 287 11
1178 287 25
1179 287 53
1180 287 77
1181 287 138
1182 287 179
1183 287 228
1184 287 242
1185 287 255
1186 287 270
1187 287 285
1188 288 114
1189 288 127
1190 288 168
1191 288 175
1192 288 184
1193 288 203
1194 288 225
1195 288 259
1196 289 38
1197 289 64
1198 289 89
1199 289 108
1200 289 137
1201 289 195
1202 289 210
1203 289 261
1204 289 281
1205 290 15
1206 290 24
1207 290 42
1208 290 92
1209 290 107
1210 290 120
1211 290 142
1212 290 151
1213 290 161
1214 290 190
1215 290 219
1216 290 242
1217 291 11
1218 291 30
1219 291 69
1220 291 91
1221 291 148
1222 291 149
1223 291 257
1224 291 259
1225 291 261
1226 292 71
1227 292 82
1228 292 163
1229 292 243
1230 292 279
1231 293 24
1232 293 50
1233 293 53
1234 293 87
1235 293 110
1236 293 168
1237 293 177
1238 293 180
1239 293 182
1240 293 189
1241 293 192
1242 293 203
1243 293 273
1244 294 8
1245 294 11
1246 294 20
1247 294 25
1248 294 57
1249 294 94
1250 294 199
1251 294 202
1252 294 239
1253 295 72
1254 295 88
1255 295 135
1256 295 175
1257 295 256
1258 295 270
1259 295 283
1260 296 0
1261 296 118
1262 296 212
1263 296 240
1264 296 262
1265 296 292
1266 297 154
1267 297 157
1268 297 200
1269 297 211
1270 297 233
1271 298 19
1272 298 49
1273 298 70
1274 298 72
1275 298 92
1276 298 166
1277 298 180
1278 298 189
1279 298 194
1280 298 271
1281 299 3
1282 299 7
1283 300 18
1284 300 23
1285 300 35
1286 300 65
1287 300 122
1288 300 125
1289 300 143
1290 300 213
1291 300 221
1292 300 247
1293 300 254
1294 300 290
1295 300 293
1296 300 299
1297 301 268
1298 302 1
1299 302 36
1300 302 114
1301 302 137
1302 302 175
1303 302 242
1304 302 250
1305 303 32
1306 303 38
1307 303 70
1308 303 79
1309 303 86
1310 303 161
1311 303 197
1312 303 233
1313 303 242
1314 303 245
1315 304 4
1316 304 19
1317 304 95
1318 304 104
1319 304 137
1320 304 166
1321 304 177
1322 304 184
1323 304 223
1324 304 235
1325 304 248
1326 304 275
1327 305 26
1328 305 37
1329 305 62
1330 305 80
1331 305 101
1332 305 107
1333 305 109
1334 305 167
1335 305 206
1336 305 234
1337 305 264
1338 305 290
1339 306 28
1340 306 63
1341 306 145
1342 306 183
1343 306 198
1344 306 207
1345 306 216
1346 306 284
1347 306 299
1348 307 19
1349 307 54
1350 307 64
1351 307 84
1352 307 109
1353 307 110
1354 307 125
1355 307 150
1356 307 156
1357 307 161
1358 307 188
1359 307 219
1360 307 237
1361 307 261
1362 307 305
1363 308 13
1364 308 54
1365 308 70
1366 308 150
1367 308 189
1368 308 217
1369 308 220
1370 308 300
1371 309 13
1372 309 50
1373 309 126
1374 309 200
1375 309 236
1376 309 268
1377 310 18
1378 310 19
1379 310 73
1380 310 110
1381 310 163
1382 310 210
1383 310 214
1384 310 223
1385 310 240
1386 310 255
1387 310 288
1388 310 298
1389 311 8
1390 311 14
1391 311 37
1392 311 92
1393 311 179
1394 311 212
1395 311 253
1396 311 283
1397 311 291
1398 312 43
1399 312 127
1400 312 141
1401 312 167
1402 312 226
1403 312 295
1404 313 34
1405 313 55
1406 313 74
1407 313 94
1408 313 103
1409 313 144
1410 313 171
1411 313 189
1412 313 203
1413 313 212
1414 313 300
1415 313 309
1416 314 2
1417 314 40
1418 314 59
1419 314 106
1420 314 189
1421 314 236
1422 314 297
1423 315 35
1424 315 41
1425 315 55
1426 315 66
1427 315 129
1428 315 133
1429 315 198
1430 315 292
1431 316 9
1432 316 36
1433 316 102
1434 316 156
1435 316 200
1436 316 253
1437 317 12
1438 317 50
1439 317 51
1440 317 85
1441 317 181
1442 317 228
1443 317 235
1444 317 244
1445 317 272
1446 317 308
1447 317 311
1448 318 11
1449 318 13
1450 318 22
1451 318 66
1452 318 126
1453 318 149
1454 318 218
1455 318 230
1456 318 234
1457 318 243
1458 319 264
1459 319 308
1460 320 35
1461 320 63
1462 320 71
1463 320 192
1464 320 210
1465 320 214
1466 320 274
1467 320 291
1468 321 31
1469 321 47
1470 321 64
1471 321 110
1472 321 114
1473 321 249
1474 321 268
1475 321 279
1476 321 280
1477 322 19
1478 322 39
1479 322 149
1480 322 187
1481 322 190
1482 322 198
1483 322 308
1484 322 314
1485 323 13
1486 323 29
1487 323 65
1488 323 89
1489 323 97
1490 323 244
1491 324 125
1492 324 138
1493 324 185
1494 324 226
1495 324 232
1496 324 244
1497 324 272
1498 324 286
1499 324 287
1500 324 320
1501 325 1
1502 325 136
1503 325 153
1504 325 154
1505 325 173
1506 325 218
1507 325 229
1508 325 242
1509 325 281
1510 325 286
1511 326 1
1512 326 82
1513 326 113
1514 326 143
1515 326 205
1516 326 207
1517 326 243
1518 326 286
1519 326 291
1520 327 51
1521 327 77
1522 327 102
1523 327 114
1524 327 183
1525 327 227
1526 327 262
1527 328 4
1528 328 10
1529 328 185
1530 328 239
1531 328 298
1532 329 54
1533 329 121
1534 329 229
1535 329 313
1536 330 0
1537 330 17
1538 330 66
1539 330 77
1540 330 134
1541 330 151
1542 330 154
1543 330 164
1544 330 251
1545 330 259
1546 330 267
1547 331 15
1548 331 93
1549 331 223
1550 331 240
1551 331 269
1552 331 302
1553 332 1
1554 332 18
1555 332 51
1556 332 53
1557 332 78
1558 332 110
1559 332 125
1560 332 185
1561 332 189
1562 332 223
1563 332 240
1564 332 258
1565 332 273
1566 332 278
1567 332 281
1568 332 318
1569 332 320
1570 333 13
1571 333 62
1572 333 85
1573 333 103
1574 333 173
1575 334 7
1576 334 12
1577 334 81
1578 334 108
1579 334 177
1580 334 194
1581 334 296
1582 334 306
1583 335 19
1584 335 20
1585 335 36
1586 335 46
1587 335 49
1588 335 53
1589 335 161
1590 335 167
1591 335 202
1592 335 291
1593 335 322
1594 336 42
1595 336 44
1596 336 156
1597 336 265
1598 336 314
1599 337 75
1600 337 106
1601 337 124
1602 337 179
1603 337 225
1604 337 243
1605 337 262
1606 337 270
1607 337 280
1608 337 298
1609 338 31
1610 338 69
1611 338 98
1612 338 122
1613 338 155
1614 338 198
1615 338 268
1616 338 332
1617 339 124
1618 339 126
1619 339 128
1620 339 160
1621 339 215
1622 339 226
1623 339 266
1624 339 314
1625 339 337
1626 340 28
1627 340 109
1628 340 134
1629 340 173
1630 340 174
1631 340 184
1632 340 318
1633 340 322
1634 340 331
1635 340 334
1636 340 336
1637 341 3
1638 341 52
1639 341 114
1640 341 118
1641 341 120
1642 341 122
1643 341 138
1644 341 145
1645 341 178
1646 341 181
1647 341 187
1648 341 301
1649 342 31
1650 342 84
1651 342 101
1652 342 116
1653 342 172
1654 342 209
1655 342 241
1656 342 330
1657 342 337
1658 343 2
1659 343 7
1660 343 17
1661 343 41
1662 343 44
1663 343 62
1664 343 81
1665 343 110
1666 343 112
1667 343 123
1668 343 208
1669 343 252
1670 343 258
1671 343 263
1672 343 278
1673 343 311
1674 343 325
1675 343 326
1676 343 332
1677 344 50
1678 344 101
1679 344 107
1680 344 121
1681 344 209
1682 344 226
1683 344 272
1684 344 317
1685 344 341
1686 345 18
1687 345 36
1688 345 38
1689 345 64
1690 345 83
1691 345 109
1692 345 127
1693 345 151
1694 345 220
1695 345 231
1696 345 252
1697 345 280
1698 345 293
1699 345 328
1700 346 40
1701 346 41
1702 346 162
1703 346 174
1704 346 188
1705 346 233
1706 346 259
1707 346 267
1708 346 332
1709 347 35
1710 347 41
1711 347 96
1712 347 99
1713 347 116
1714 347 118
1715 347 142
1716 347 143
1717 347 160
1718 347 166
1719 347 192
1720 347 221
1721 347 223
1722 347 234
1723 347 250
1724 347 258
1725 347 315
1726 348 27
1727 348 28
1728 348 35
1729 348 44
1730 348 48
1731 348 106
1732 348 173
1733 348 220
1734 348 231
1735 348 291
1736 348 323
1737 348 327
1738 348 328
1739 349 5
1740 349 13
1741 349 49
1742 349 68
1743 349 147
1744 349 252
1745 349 269
1746 349 278
1747 349 340
1748 350 21
1749 350 68
1750 350 95
1751 350 106
1752 350 114
1753 350 135
1754 350 137
1755 350 349
1756 351 37
1757 351 42
1758 351 104
1759 351 123
1760 351 142
1761 351 146
1762 351 159
1763 351 199
1764 351 282
1765 351 288
1766 351 309
1767 351 324
1768 351 334
1769 352 13
1770 352 95
1771 352 101
1772 352 166
1773 352 169
1774 352 261
1775 352 263
1776 352 287
1777 352 290
1778 352 296
1779 352 303
1780 353 53
1781 353 71
1782 353 77
1783 353 162
1784 353 206
1785 353 226
1786 353 280
1787 353 283
1788 353 315
1789 354 54
1790 354 107
1791 354 127
1792 354 185
1793 354 194
1794 354 251
1795 354 278
1796 354 306
1797 355 5
1798 355 6
1799 355 29
1800 355 39
1801 355 40
1802 355 84
1803 355 119
1804 355 131
1805 355 261
1806 355 268
1807 355 299
1808 355 326
1809 355 328
1810 355 330
1811 356 20
1812 356 27
1813 356 38
1814 356 146
1815 356 151
1816 356 173
1817 356 313
1818 356 318
1819 356 324
1820 356 333
1821 357 28
1822 357 49
1823 357 83
1824 357 123
1825 357 143
1826 357 181
1827 357 189
1828 357 212
1829 357 230
1830 357 258
1831 358 1
1832 358 12
1833 358 25
1834 358 31
1835 358 98
1836 358 202
1837 358 241
1838 358 246
1839 359 24
1840 359 46
1841 359 60
1842 359 67
1843 359 83
1844 359 98
1845 359 123
1846 359 156
1847 359 180
1848 359 197
1849 359 250
1850 359 252
1851 359 257
1852 359 335
1853 360 35
1854 360 41
1855 360 65
1856 360 91
1857 360 112
1858 360 125
1859 360 136
1860 360 154
1861 360 162
1862 360 220
1863 360 242
1864 360 297
1865 360 299
1866 361 121
1867 361 153
1868 361 155
1869 361 158
1870 361 195
1871 361 206
1872 361 225
1873 361 241
1874 361 277
1875 361 301
1876 361 307
1877 361 321
1878 361 326
1879 362 26
1880 362 48
1881 362 99
1882 362 105
1883 362 114
1884 362 147
1885 362 148
1886 362 167
1887 362 236
1888 362 250
1889 363 16
1890 363 25
1891 363 91
1892 363 94
1893 363 103
1894 363 108
1895 363 109
1896 363 135
1897 363 180
1898 363 234
1899 363 242
1900 363 263
1901 363 267
1902 363 278
1903 363 349
1904 364 61
1905 364 135
1906 364 153
1907 364 243
1908 364 285
1909 365 29
1910 365 42
1911 365 61
1912 365 84
1913 365 119
1914 365 140
1915 365 149
1916 365 205
1917 365 306
1918 365 329
1919 365 331
1920 365 338
1921 365 340
1922 366 60
1923 366 68
1924 366 71
1925 366 85
1926 366 92
1927 366 157
1928 366 163
1929 366 211
1930 366 225
1931 366 255
1932 366 270
1933 366 275
1934 366 283
1935 367 93
1936 367 98
1937 367 124
1938 367 141
1939 367 142
1940 367 157
1941 367 183
1942 367 199
1943 367 200
1944 367 251
1945 367 328
1946 367 329
1947 368 23
1948 368 47
1949 368 50
1950 368 59
1951 368 110
1952 368 129
1953 368 183
1954 368 193
1955 368 196
1956 368 212
1957 368 252
1958 368 293
1959 368 357
1960 369 2
1961 369 9
1962 369 55
1963 369 61
1964 369 79
1965 369 99
1966 369 119
1967 369 150
1968 369 205
1969 369 244
1970 369 251
1971 369 275
1972 369 306
1973 370 28
1974 370 160
1975 370 227
1976 370 256
1977 370 275
1978 370 288
1979 370 331
1980 370 332
1981 371 6
1982 371 29
1983 371 49
1984 371 68
1985 371 202
1986 371 220
1987 371 240
1988 371 283
1989 371 348
1990 372 0
1991 372 2
1992 372 63
1993 372 98
1994 372 163
1995 372 169
1996 372 259
1997 372 297
1998 372 324
1999 373 21
2000 373 35
2001 373 87
2002 373 93
2003 373 98
2004 373 109
2005 373 111
2006 373 145
2007 373 149
2008 373 165
2009 373 181
2010 373 216
2011 373 282
2012 373 343
2013 374 16
2014 374 82
2015 374 128
2016 374 173
2017 374 223
2018 374 267
2019 374 275
2020 375 6
2021 375 7
2022 375 25
2023 375 123
2024 375 148
2025 375 171
2026 375 246
2027 375 259
2028 375 264
2029 375 302
2030 375 327
2031 375 348
2032 375 353
2033 376 95
2034 376 117
2035 376 195
2036 376 236
2037 376 254
2038 376 303
2039 376 340
2040 377 69
2041 377 77
2042 377 90
2043 377 110
2044 377 146
2045 377 185
2046 377 240
2047 377 283
2048 377 354
2049 377 365
2050 378 12
2051 378 41
2052 378 60
2053 378 93
2054 378 118
2055 378 122
2056 378 139
2057 378 208
2058 378 260
2059 378 310
2060 378 346
2061 379 11
2062 379 44
2063 379 62
2064 379 95
2065 379 118
2066 379 169
2067 379 179
2068 379 182
2069 379 196
2070 379 217
2071 379 251
2072 379 267
2073 379 326
2074 379 361
2075 379 374
2076 380 13
2077 380 39
2078 380 104
2079 380 114
2080 380 126
2081 380 137
2082 380 139
2083 380 176
2084 380 192
2085 380 207
2086 380 211
2087 380 229
2088 380 237
2089 380 270
2090 380 377
2091 381 64
2092 381 75
2093 381 101
2094 381 130
2095 381 184
2096 381 233
2097 381 258
2098 381 336
2099 381 370
2100 382 23
2101 382 64
2102 382 113
2103 382 159
2104 382 199
2105 382 233
2106 382 287
2107 382 346
2108 382 349
2109 382 370
2110 383 39
2111 383 45
2112 383 49
2113 383 53
2114 383 68
2115 383 84
2116 383 112
2117 383 162
2118 383 235
2119 383 376
2120 384 64
2121 384 125
2122 384 183
2123 384 232
2124 384 246
2125 384 279
2126 384 317
2127 384 383
2128 385 4
2129 385 8
2130 385 9
2131 385 48
2132 385 49
2133 385 65
2134 385 85
2135 385 106
2136 385 122
2137 385 153
2138 385 169
2139 385 170
2140 385 198
2141 385 236
2142 385 249
2143 385 255
2144 385 256
2145 385 257
2146 385 282
2147 385 360
2148 385 361
2149 386 1
2150 386 3
2151 386 22
2152 386 32
2153 386 36
2154 386 45
2155 386 46
2156 386 110
2157 386 130
2158 386 188
2159 386 233
2160 386 241
2161 386 243
2162 386 307
2163 386 349
2164 386 381
2165 387 150
2166 387 195
2167 387 284
2168 387 287
2169 387 289
2170 387 295
2171 387 304
2172 388 30
2173 388 83
2174 388 90
2175 388 147
2176 388 161
2177 388 167
2178 388 206
2179 388 226
2180 388 256
2181 388 366
2182 389 39
2183 389 40
2184 389 43
2185 389 129
2186 389 162
2187 389 188
2188 389 238
2189 389 260
2190 389 288
2191 390 3
2192 390 167
2193 390 214
2194 390 222
2195 390 285
2196 390 313
2197 390 335
2198 390 367
2199 390 370
2200 391 66
2201 391 83
2202 391 95
2203 391 131
2204 391 198
2205 391 231
2206 391 233
2207 391 247
2208 391 255
2209 391 264
2210 391 272
2211 391 277
2212 391 289
2213 391 293
2214 391 302
2215 391 323
2216 391 328
2217 392 36
2218 392 111
2219 392 141
2220 392 166
2221 392 171
2222 392 204
2223 392 235
2224 392 259
2225 392 284
2226 392 345
2227 392 388
2228 393 35
2229 393 43
2230 393 72
2231 393 115
2232 393 119
2233 393 135
2234 393 187
2235 393 238
2236 393 243
2237 393 259
2238 393 267
2239 393 297
2240 393 298
2241 393 358
2242 394 16
2243 394 71
2244 394 72
2245 394 98
2246 394 167
2247 394 217
2248 394 242
2249 394 246
2250 394 264
2251 394 293
2252 394 319
2253 394 331
2254 394 377
2255 395 17
2256 395 39
2257 395 43
2258 395 179
2259 395 204
2260 395 226
2261 395 248
2262 395 255
2263 395 262
2264 395 291
2265 395 312
2266 396 58
2267 396 59
2268 396 70
2269 396 71
2270 396 157
2271 396 158
2272 396 165
2273 396 180
2274 396 192
2275 396 236
2276 396 251
2277 396 269
2278 396 308
2279 396 313
2280 396 323
2281 396 329
2282 396 359
2283 397 19
2284 397 23
2285 397 42
2286 397 111
2287 397 148
2288 397 152
2289 397 157
2290 397 161
2291 397 186
2292 397 253
2293 397 273
2294 397 290
2295 397 334
2296 397 369
2297 397 380
2298 398 86
2299 398 93
2300 398 125
2301 398 141
2302 398 195
2303 398 205
2304 398 208
2305 398 256
2306 398 341
2307 398 345
2308 399 41
2309 399 83
2310 399 154
2311 399 174
2312 399 180
2313 399 183
2314 399 253
2315 399 289
2316 399 300
2317 399 335
2318 399 349
2319 399 362
