707
0 3 0
1 4 0
2 4 1
3 4 2
4 4 3
5 5 0
6 5 1
7 5 2
8 5 3
9 5 4
10 6 0
11 6 2
12 6 3
13 6 4
14 6 5
15 7 0
16 7 3
17 7 5
18 8 0
19 8 1
20 8 2
21 8 4
22 9 1
23 9 2
24 9 3
25 9 4
26 9 5
27 9 7
28 9 8
29 10 1
30 10 3
31 10 4
32 10 6
33 10 7
34 11 1
35 11 3
36 11 4
37 11 5
38 11 6
39 11 9
40 11 10
41 12 0
42 12 1
43 12 3
44 12 4
45 12 6
46 12 7
47 12 8
48 12 9
49 12 10
50 12 11
51 13 0
52 13 2
53 13 3
54 13 5
55 13 6
56 13 7
57 13 8
58 13 11
59 14 3
60 14 6
61 14 7
62 14 8
63 14 9
64 14 12
65 15 0
66 15 1
67 15 5
68 15 6
69 15 7
70 15 8
71 15 9
72 15 10
73 15 13
74 16 3
75 16 4
76 16 5
77 16 6
78 16 7
79 16 8
80 16 10
81 16 13
82 17 2
83 17 7
84 17 8
85 17 11
86 17 14
87 17 15
88 17 16
89 18 2
90 18 5
91 18 6
92 18 7
93 18 8
94 18 9
95 18 10
96 18 11
97 18 12
98 18 14
99 18 16
100 19 0
101 19 3
102 19 4
103 19 5
104 19 7
105 19 8
106 19 9
107 19 10
108 19 11
109 19 13
110 19 15
111 20 0
112 20 2
113 20 3
114 20 5
115 20 6
116 20 8
117 20 11
118 20 12
119 20 13
120 20 16
121 20 19
122 21 0
123 21 1
124 21 2
125 21 4
126 21 6
127 21 7
128 21 8
129 21 10
130 21 11
131 21 12
132 21 13
133 21 17
134 21 18
135 21 19
136 21 20
137 22 4
138 22 5
139 22 6
140 22 8
141 22 9
142 22 12
143 22 14
144 22 15
145 22 16
146 22 17
147 22 18
148 22 19
149 23 1
150 23 2
151 23 4
152 23 5
153 23 6
154 23 8
155 23 9
156 23 10
157 23 13
158 23 15
159 23 17
160 23 18
161 23 19
162 23 20
163 23 21
164 23 22
165 24 0
166 24 3
167 24 6
168 24 7
169 24 9
170 24 10
171 24 11
172 24 13
173 24 15
174 24 17
175 24 19
176 24 20
177 24 21
178 24 22
179 24 23
180 25 1
181 25 2
182 25 3
183 25 4
184 25 6
185 25 7
186 25 11
187 25 16
188 25 19
189 25 20
190 25 24
191 26 0
192 26 1
193 26 4
194 26 5
195 26 6
196 26 7
197 26 8
198 26 10
199 26 11
200 26 12
201 26 13
202 26 15
203 26 17
204 26 18
205 26 20
206 26 21
207 26 24
208 27 1
209 27 2
210 27 3
211 27 4
212 27 6
213 27 7
214 27 11
215 27 13
216 27 14
217 27 15
218 27 16
219 27 17
220 27 18
221 27 19
222 27 20
223 27 21
224 27 25
225 28 1
226 28 2
227 28 7
228 28 9
229 28 14
230 28 16
231 28 17
232 28 18
233 28 19
234 28 20
235 28 21
236 28 25
237 28 26
238 28 27
239 29 0
240 29 1
241 29 3
242 29 5
243 29 6
244 29 7
245 29 8
246 29 11
247 29 12
248 29 15
249 29 19
250 29 20
251 29 24
252 29 27
253 30 0
254 30 1
255 30 5
256 30 6
257 30 8
258 30 9
259 30 14
260 30 16
261 30 18
262 30 20
263 30 21
264 30 22
265 30 23
266 30 25
267 30 27
268 30 28
269 31 1
270 31 7
271 31 10
272 31 13
273 31 14
274 31 15
275 31 17
276 31 19
277 31 21
278 31 22
279 31 23
280 31 24
281 31 26
282 31 27
283 31 28
284 31 30
285 32 0
286 32 1
287 32 2
288 32 4
289 32 6
290 32 8
291 32 10
292 32 12
293 32 14
294 32 15
295 32 17
296 32 18
297 32 22
298 32 24
299 32 25
300 32 27
301 32 28
302 32 30
303 33 0
304 33 2
305 33 5
306 33 6
307 33 8
308 33 9
309 33 15
310 33 17
311 33 18
312 33 19
313 33 20
314 33 21
315 33 24
316 33 30
317 33 31
318 34 0
319 34 2
320 34 3
321 34 4
322 34 5
323 34 7
324 34 9
325 34 10
326 34 14
327 34 15
328 34 16
329 34 17
330 34 20
331 34 22
332 34 23
333 34 25
334 34 27
335 34 30
336 34 31
337 34 32
338 34 33
339 35 3
340 35 4
341 35 5
342 35 6
343 35 7
344 35 8
345 35 11
346 35 12
347 35 13
348 35 16
349 35 18
350 35 19
351 35 20
352 35 21
353 35 22
354 35 23
355 35 25
356 35 29
357 35 31
358 35 32
359 35 33
360 35 34
361 36 0
362 36 1
363 36 2
364 36 4
365 36 6
366 36 7
367 36 9
368 36 10
369 36 12
370 36 14
371 36 16
372 36 17
373 36 18
374 36 19
375 36 20
376 36 22
377 36 23
378 36 28
379 36 30
380 36 31
381 36 32
382 36 33
383 37 0
384 37 2
385 37 5
386 37 6
387 37 9
388 37 12
389 37 13
390 37 14
391 37 15
392 37 16
393 37 18
394 37 20
395 37 21
396 37 23
397 37 24
398 37 25
399 37 26
400 37 27
401 37 29
402 37 30
403 37 31
404 37 32
405 37 33
406 38 1
407 38 2
408 38 3
409 38 4
410 38 5
411 38 7
412 38 10
413 38 13
414 38 14
415 38 17
416 38 19
417 38 23
418 38 24
419 38 25
420 38 27
421 38 28
422 38 30
423 38 31
424 38 34
425 38 36
426 38 37
427 39 1
428 39 2
429 39 3
430 39 4
431 39 5
432 39 7
433 39 9
434 39 11
435 39 15
436 39 16
437 39 19
438 39 20
439 39 21
440 39 22
441 39 28
442 39 31
443 39 32
444 39 34
445 39 36
446 39 37
447 39 38
448 40 0
449 40 1
450 40 4
451 40 5
452 40 6
453 40 10
454 40 11
455 40 12
456 40 13
457 40 14
458 40 15
459 40 18
460 40 19
461 40 24
462 40 28
463 40 29
464 40 30
465 40 34
466 40 35
467 40 36
468 40 38
469 40 39
470 41 4
471 41 7
472 41 8
473 41 11
474 41 13
475 41 19
476 41 20
477 41 22
478 41 24
479 41 25
480 41 27
481 41 29
482 41 34
483 41 35
484 41 36
485 41 37
486 41 38
487 41 40
488 42 0
489 42 2
490 42 6
491 42 7
492 42 8
493 42 10
494 42 14
495 42 15
496 42 18
497 42 19
498 42 20
499 42 21
500 42 22
501 42 23
502 42 26
503 42 27
504 42 30
505 42 33
506 42 34
507 42 35
508 42 39
509 43 0
510 43 2
511 43 4
512 43 6
513 43 8
514 43 9
515 43 11
516 43 12
517 43 13
518 43 15
519 43 16
520 43 17
521 43 20
522 43 21
523 43 24
524 43 25
525 43 27
526 43 29
527 43 33
528 43 34
529 43 35
530 43 36
531 43 37
532 43 38
533 43 39
534 43 41
535 44 0
536 44 1
537 44 2
538 44 3
539 44 5
540 44 8
541 44 9
542 44 11
543 44 12
544 44 13
545 44 15
546 44 16
547 44 18
548 44 19
549 44 20
550 44 22
551 44 24
552 44 25
553 44 26
554 44 27
555 44 29
556 44 32
557 44 33
558 44 34
559 44 35
560 44 38
561 44 39
562 44 41
563 45 0
564 45 1
565 45 2
566 45 3
567 45 5
568 45 6
569 45 8
570 45 12
571 45 14
572 45 15
573 45 17
574 45 21
575 45 22
576 45 23
577 45 24
578 45 26
579 45 27
580 45 28
581 45 29
582 45 30
583 45 31
584 45 32
585 45 33
586 45 34
587 45 35
588 45 37
589 45 38
590 45 39
591 45 42
592 45 43
593 46 2
594 46 3
595 46 4
596 46 5
597 46 7
598 46 8
599 46 12
600 46 14
601 46 16
602 46 20
603 46 21
604 46 23
605 46 25
606 46 26
607 46 28
608 46 31
609 46 32
610 46 33
611 46 36
612 46 37
613 46 38
614 46 39
615 46 40
616 46 41
617 46 42
618 46 44
619 47 0
620 47 3
621 47 4
622 47 6
623 47 8
624 47 9
625 47 10
626 47 11
627 47 12
628 47 13
629 47 15
630 47 16
631 47 17
632 47 18
633 47 19
634 47 21
635 47 22
636 47 24
637 47 25
638 47 26
639 47 27
640 47 28
641 47 29
642 47 32
643 47 33
644 47 34
645 47 35
646 47 36
647 47 37
648 47 40
649 47 45
650 48 1
651 48 2
652 48 3
653 48 5
654 48 8
655 48 9
656 48 13
657 48 14
658 48 15
659 48 20
660 48 21
661 48 22
662 48 23
663 48 24
664 48 25
665 48 26
666 48 27
667 48 28
668 48 29
669 48 30
670 48 33
671 48 34
672 48 36
673 48 37
674 48 38
675 48 39
676 48 40
677 48 45
678 48 47
679 49 0
680 49 1
681 49 5
682 49 7
683 49 8
684 49 10
685 49 11
686 49 12
687 49 13
688 49 14
689 49 16
690 49 17
691 49 20
692 49 24
693 49 25
694 49 26
695 49 27
696 49 28
697 49 29
698 49 32
699 49 34
700 49 36
701 49 39
702 49 40
703 49 42
704 49 43
705 49 45
706 49 48
