514
0 5 0
1 14 10
2 15 10
3 17 2
4 17 6
5 17 7
6 18 6
7 18 13
8 21 11
9 21 12
10 21 13
11 22 2
12 22 4
13 22 9
14 22 15
15 22 17
16 23 8
17 23 15
18 23 20
19 24 4
20 24 5
21 24 13
22 25 10
23 25 12
24 26 7
25 26 8
26 26 13
27 26 21
28 27 7
29 27 17
30 28 2
31 28 5
32 28 7
33 28 8
34 28 16
35 29 6
36 29 9
37 30 8
38 30 25
39 32 2
40 32 6
41 32 10
42 32 14
43 32 17
44 32 29
45 33 0
46 33 7
47 33 13
48 34 0
49 34 28
50 35 8
51 35 9
52 35 16
53 35 32
54 36 1
55 36 4
56 36 9
57 36 17
58 36 18
59 36 26
60 36 27
61 36 34
62 37 14
63 37 15
64 37 26
65 38 5
66 38 11
67 38 23
68 39 7
69 39 36
70 40 10
71 40 18
72 40 33
73 41 1
74 41 8
75 41 26
76 41 34
77 41 36
78 42 9
79 42 17
80 43 14
81 43 23
82 43 38
83 44 2
84 44 3
85 44 7
86 44 8
87 44 23
88 44 32
89 44 39
90 45 0
91 45 2
92 45 13
93 45 18
94 45 20
95 45 24
96 46 4
97 46 18
98 46 22
99 46 24
100 47 7
101 47 10
102 47 26
103 47 27
104 47 29
105 47 41
106 47 43
107 48 6
108 48 8
109 48 21
110 48 27
111 48 41
112 49 8
113 49 42
114 50 11
115 50 14
116 50 30
117 51 3
118 51 8
119 51 9
120 51 23
121 51 25
122 51 42
123 52 0
124 52 15
125 52 21
126 52 35
127 52 39
128 53 1
129 53 8
130 53 12
131 53 19
132 53 28
133 53 37
134 53 39
135 53 51
136 54 12
137 54 53
138 55 14
139 55 24
140 55 33
141 55 36
142 55 39
143 56 3
144 56 11
145 56 16
146 56 29
147 56 31
148 56 51
149 56 54
150 57 4
151 57 17
152 57 23
153 57 25
154 57 44
155 58 5
156 58 6
157 58 19
158 58 35
159 58 44
160 59 13
161 59 21
162 59 22
163 59 26
164 59 45
165 59 56
166 60 12
167 60 22
168 60 24
169 60 37
170 60 41
171 60 45
172 60 52
173 60 58
174 61 1
175 61 4
176 61 7
177 61 10
178 61 18
179 61 20
180 61 23
181 61 38
182 61 59
183 61 60
184 62 1
185 62 9
186 62 12
187 62 13
188 62 32
189 62 37
190 62 38
191 62 54
192 62 56
193 63 8
194 63 18
195 63 22
196 63 28
197 63 33
198 63 45
199 63 49
200 63 53
201 63 54
202 64 1
203 64 8
204 64 12
205 64 13
206 64 15
207 64 19
208 64 38
209 64 53
210 64 55
211 64 62
212 65 23
213 65 26
214 65 31
215 65 32
216 65 34
217 65 55
218 65 61
219 66 17
220 66 20
221 66 21
222 66 46
223 66 50
224 66 55
225 66 61
226 67 36
227 67 40
228 67 64
229 68 1
230 68 9
231 68 15
232 68 19
233 68 22
234 68 24
235 68 25
236 68 39
237 68 43
238 68 44
239 68 45
240 68 46
241 68 49
242 68 61
243 69 1
244 69 64
245 69 66
246 70 35
247 70 41
248 70 47
249 70 51
250 70 54
251 71 0
252 71 8
253 71 10
254 71 21
255 71 36
256 71 44
257 71 46
258 71 61
259 71 66
260 72 5
261 72 20
262 72 34
263 72 35
264 72 44
265 72 49
266 72 64
267 73 2
268 73 9
269 73 40
270 73 57
271 73 58
272 73 61
273 73 66
274 73 67
275 74 3
276 74 4
277 74 7
278 74 14
279 74 25
280 74 39
281 74 46
282 74 57
283 74 67
284 75 13
285 75 30
286 75 45
287 75 50
288 75 56
289 75 72
290 76 13
291 76 17
292 76 20
293 76 48
294 76 56
295 76 74
296 77 5
297 77 22
298 77 25
299 77 29
300 77 36
301 77 40
302 77 46
303 77 53
304 78 2
305 78 3
306 78 18
307 78 22
308 78 31
309 78 35
310 78 37
311 78 58
312 78 62
313 78 63
314 78 66
315 78 70
316 78 71
317 79 1
318 79 9
319 79 32
320 79 34
321 79 37
322 79 38
323 79 40
324 79 58
325 79 66
326 80 8
327 80 13
328 80 14
329 80 16
330 80 26
331 80 31
332 80 38
333 80 42
334 80 55
335 80 57
336 80 61
337 80 74
338 80 76
339 80 79
340 81 6
341 81 11
342 81 12
343 81 19
344 81 22
345 81 28
346 81 33
347 81 37
348 81 50
349 81 51
350 81 54
351 81 57
352 81 67
353 81 69
354 81 79
355 82 5
356 82 6
357 82 10
358 82 15
359 82 18
360 82 29
361 82 36
362 82 55
363 82 57
364 82 67
365 82 78
366 82 80
367 83 2
368 83 7
369 83 19
370 83 24
371 83 25
372 83 75
373 84 17
374 84 19
375 84 47
376 84 75
377 84 76
378 84 82
379 85 3
380 85 4
381 85 24
382 85 36
383 85 50
384 85 53
385 85 56
386 85 67
387 85 74
388 85 84
389 86 13
390 86 27
391 86 30
392 86 46
393 86 51
394 86 58
395 86 62
396 87 14
397 87 17
398 87 26
399 87 43
400 87 64
401 87 70
402 87 76
403 87 81
404 88 21
405 88 27
406 88 51
407 88 87
408 89 11
409 89 23
410 89 28
411 89 38
412 89 39
413 89 48
414 89 52
415 89 59
416 89 64
417 89 78
418 89 88
419 90 4
420 90 19
421 90 25
422 90 27
423 90 31
424 90 33
425 90 42
426 90 52
427 90 88
428 91 2
429 91 14
430 91 22
431 91 59
432 91 63
433 91 66
434 91 76
435 91 85
436 92 10
437 92 21
438 92 48
439 92 61
440 92 68
441 92 70
442 92 82
443 93 3
444 93 6
445 93 9
446 93 46
447 93 60
448 93 70
449 93 71
450 93 74
451 94 31
452 94 37
453 94 39
454 94 41
455 94 43
456 94 44
457 94 46
458 95 1
459 95 5
460 95 6
461 95 7
462 95 8
463 95 12
464 95 18
465 95 22
466 95 25
467 95 47
468 95 48
469 95 51
470 95 79
471 95 81
472 95 84
473 96 1
474 96 11
475 96 14
476 96 42
477 96 71
478 96 73
479 96 83
480 96 88
481 96 92
482 96 94
483 96 95
484 97 6
485 97 16
486 97 17
487 97 30
488 97 36
489 97 40
490 97 49
491 97 56
492 97 70
493 97 85
494 97 91
495 98 11
496 98 15
497 98 21
498 98 23
499 98 27
500 98 38
501 98 52
502 98 60
503 98 61
504 98 68
505 98 69
506 99 17
507 99 23
508 99 25
509 99 45
510 99 55
511 99 62
512 99 76
513 99 88
