2419
0 2 1
1 3 0
2 4 3
3 5 4
4 6 1
5 6 3
6 6 4
7 6 5
8 7 1
9 7 2
10 7 3
11 7 4
12 7 6
13 8 0
14 8 1
15 8 2
16 8 5
17 8 6
18 9 1
19 9 3
20 9 4
21 10 1
22 10 4
23 10 5
24 10 6
25 11 1
26 11 2
27 11 4
28 11 7
29 11 9
30 11 10
31 12 2
32 12 6
33 12 8
34 12 9
35 12 11
36 13 0
37 13 3
38 13 7
39 13 11
40 14 1
41 14 5
42 14 7
43 14 9
44 14 11
45 14 13
46 15 0
47 15 1
48 15 3
49 15 5
50 15 8
51 15 13
52 15 14
53 16 0
54 16 1
55 16 4
56 16 5
57 16 6
58 16 7
59 16 8
60 16 9
61 16 14
62 16 15
63 17 1
64 17 2
65 17 4
66 17 5
67 17 6
68 17 9
69 17 11
70 18 1
71 18 2
72 18 3
73 18 5
74 18 6
75 18 9
76 18 17
77 19 3
78 19 11
79 19 12
80 19 13
81 19 14
82 19 15
83 19 18
84 20 2
85 20 3
86 20 5
87 20 8
88 20 12
89 20 13
90 20 14
91 20 15
92 20 16
93 20 17
94 21 0
95 21 2
96 21 3
97 21 4
98 21 5
99 21 9
100 21 11
101 21 12
102 21 13
103 21 14
104 21 15
105 21 16
106 21 18
107 21 20
108 22 0
109 22 2
110 22 4
111 22 6
112 22 8
113 22 9
114 22 12
115 22 13
116 22 14
117 22 15
118 22 17
119 22 18
120 22 21
121 23 0
122 23 1
123 23 2
124 23 7
125 23 8
126 23 9
127 23 10
128 23 11
129 23 14
130 23 20
131 23 21
132 24 1
133 24 2
134 24 11
135 24 17
136 24 18
137 24 19
138 24 20
139 24 23
140 25 0
141 25 1
142 25 2
143 25 3
144 25 5
145 25 7
146 25 9
147 25 14
148 25 15
149 25 16
150 25 17
151 25 23
152 26 0
153 26 4
154 26 5
155 26 7
156 26 8
157 26 9
158 26 10
159 26 14
160 26 15
161 26 17
162 26 20
163 26 21
164 26 22
165 26 24
166 27 0
167 27 1
168 27 3
169 27 4
170 27 5
171 27 6
172 27 8
173 27 10
174 27 11
175 27 12
176 27 16
177 27 18
178 27 20
179 27 21
180 27 22
181 27 23
182 27 25
183 28 0
184 28 1
185 28 2
186 28 4
187 28 8
188 28 9
189 28 10
190 28 11
191 28 12
192 28 13
193 28 16
194 28 17
195 28 19
196 28 21
197 28 23
198 28 27
199 29 1
200 29 6
201 29 8
202 29 9
203 29 15
204 29 17
205 29 21
206 29 23
207 29 25
208 29 26
209 29 28
210 30 0
211 30 2
212 30 3
213 30 4
214 30 10
215 30 12
216 30 16
217 30 18
218 30 20
219 30 23
220 30 25
221 30 26
222 30 29
223 31 1
224 31 2
225 31 3
226 31 5
227 31 6
228 31 7
229 31 8
230 31 11
231 31 13
232 31 14
233 31 16
234 31 17
235 31 18
236 31 21
237 31 22
238 31 25
239 31 26
240 31 27
241 31 28
242 31 30
243 32 0
244 32 3
245 32 4
246 32 7
247 32 10
248 32 12
249 32 15
250 32 18
251 32 19
252 32 20
253 32 21
254 32 24
255 32 25
256 32 26
257 32 30
258 32 31
259 33 1
260 33 2
261 33 3
262 33 4
263 33 5
264 33 12
265 33 14
266 33 18
267 33 19
268 33 21
269 33 25
270 33 27
271 33 29
272 33 30
273 33 31
274 34 3
275 34 6
276 34 7
277 34 8
278 34 9
279 34 10
280 34 14
281 34 17
282 34 18
283 34 19
284 34 20
285 34 27
286 34 28
287 34 29
288 34 30
289 34 33
290 35 0
291 35 3
292 35 5
293 35 6
294 35 7
295 35 10
296 35 13
297 35 19
298 35 20
299 35 22
300 35 23
301 35 24
302 35 25
303 35 27
304 35 28
305 35 29
306 35 30
307 35 31
308 36 2
309 36 5
310 36 7
311 36 8
312 36 9
313 36 13
314 36 14
315 36 15
316 36 16
317 36 18
318 36 23
319 36 24
320 36 25
321 36 26
322 36 28
323 36 29
324 36 31
325 36 33
326 37 0
327 37 3
328 37 4
329 37 8
330 37 9
331 37 14
332 37 19
333 37 20
334 37 22
335 37 25
336 37 26
337 37 27
338 37 30
339 37 31
340 37 34
341 37 35
342 38 0
343 38 1
344 38 2
345 38 3
346 38 8
347 38 9
348 38 12
349 38 13
350 38 14
351 38 15
352 38 17
353 38 19
354 38 20
355 38 21
356 38 24
357 38 26
358 38 27
359 38 29
360 38 31
361 38 32
362 38 33
363 38 34
364 38 37
365 39 4
366 39 6
367 39 7
368 39 8
369 39 10
370 39 12
371 39 14
372 39 16
373 39 17
374 39 18
375 39 20
376 39 21
377 39 22
378 39 23
379 39 31
380 39 32
381 39 37
382 40 0
383 40 6
384 40 8
385 40 9
386 40 10
387 40 16
388 40 17
389 40 19
390 40 21
391 40 24
392 40 25
393 40 26
394 40 31
395 40 36
396 40 38
397 40 39
398 41 1
399 41 7
400 41 8
401 41 9
402 41 14
403 41 15
404 41 16
405 41 17
406 41 19
407 41 20
408 41 23
409 41 24
410 41 26
411 41 29
412 41 30
413 41 31
414 41 32
415 41 34
416 41 36
417 41 37
418 41 39
419 41 40
420 42 2
421 42 4
422 42 5
423 42 7
424 42 8
425 42 11
426 42 12
427 42 14
428 42 15
429 42 19
430 42 22
431 42 23
432 42 24
433 42 25
434 42 28
435 42 30
436 42 32
437 42 38
438 42 39
439 42 40
440 42 41
441 43 0
442 43 2
443 43 3
444 43 4
445 43 7
446 43 9
447 43 10
448 43 11
449 43 12
450 43 15
451 43 16
452 43 20
453 43 21
454 43 23
455 43 24
456 43 25
457 43 27
458 43 34
459 43 37
460 43 39
461 43 40
462 43 41
463 43 42
464 44 1
465 44 10
466 44 12
467 44 13
468 44 14
469 44 15
470 44 18
471 44 22
472 44 23
473 44 25
474 44 26
475 44 27
476 44 30
477 44 31
478 44 35
479 44 37
480 44 38
481 44 40
482 44 42
483 45 0
484 45 3
485 45 4
486 45 5
487 45 7
488 45 8
489 45 14
490 45 16
491 45 17
492 45 18
493 45 19
494 45 20
495 45 22
496 45 23
497 45 25
498 45 27
499 45 30
500 45 34
501 45 36
502 45 38
503 45 39
504 45 41
505 45 42
506 45 44
507 46 1
508 46 3
509 46 5
510 46 8
511 46 11
512 46 12
513 46 19
514 46 20
515 46 22
516 46 24
517 46 25
518 46 26
519 46 27
520 46 28
521 46 31
522 46 32
523 46 37
524 46 40
525 46 45
526 47 0
527 47 2
528 47 8
529 47 9
530 47 11
531 47 12
532 47 13
533 47 14
534 47 16
535 47 17
536 47 18
537 47 19
538 47 20
539 47 21
540 47 23
541 47 25
542 47 27
543 47 29
544 47 31
545 47 32
546 47 34
547 47 35
548 47 38
549 47 39
550 47 40
551 47 41
552 47 44
553 47 46
554 48 0
555 48 1
556 48 2
557 48 3
558 48 4
559 48 6
560 48 9
561 48 10
562 48 13
563 48 16
564 48 18
565 48 20
566 48 21
567 48 23
568 48 27
569 48 28
570 48 29
571 48 30
572 48 31
573 48 32
574 48 36
575 48 38
576 48 39
577 48 40
578 48 41
579 48 45
580 49 0
581 49 2
582 49 3
583 49 9
584 49 10
585 49 11
586 49 12
587 49 15
588 49 16
589 49 17
590 49 18
591 49 21
592 49 22
593 49 24
594 49 27
595 49 30
596 49 32
597 49 35
598 49 37
599 49 38
600 49 39
601 49 44
602 49 45
603 49 46
604 49 47
605 50 0
606 50 1
607 50 4
608 50 5
609 50 6
610 50 11
611 50 13
612 50 14
613 50 16
614 50 17
615 50 18
616 50 22
617 50 23
618 50 28
619 50 29
620 50 32
621 50 35
622 50 39
623 50 40
624 50 41
625 50 42
626 50 44
627 51 3
628 51 4
629 51 7
630 51 9
631 51 11
632 51 12
633 51 17
634 51 20
635 51 21
636 51 22
637 51 29
638 51 30
639 51 33
640 51 35
641 51 37
642 51 38
643 51 39
644 51 44
645 51 48
646 51 49
647 51 50
648 52 4
649 52 7
650 52 8
651 52 10
652 52 13
653 52 15
654 52 18
655 52 20
656 52 24
657 52 26
658 52 28
659 52 29
660 52 30
661 52 31
662 52 32
663 52 33
664 52 38
665 52 39
666 52 40
667 52 44
668 52 47
669 52 48
670 53 0
671 53 4
672 53 6
673 53 7
674 53 11
675 53 12
676 53 15
677 53 16
678 53 17
679 53 19
680 53 20
681 53 23
682 53 24
683 53 25
684 53 29
685 53 30
686 53 33
687 53 34
688 53 35
689 53 36
690 53 37
691 53 38
692 53 40
693 53 41
694 53 43
695 53 46
696 53 47
697 53 49
698 53 51
699 54 0
700 54 1
701 54 2
702 54 3
703 54 4
704 54 7
705 54 8
706 54 13
707 54 17
708 54 21
709 54 24
710 54 25
711 54 27
712 54 30
713 54 31
714 54 32
715 54 35
716 54 36
717 54 37
718 54 39
719 54 44
720 54 45
721 54 46
722 54 48
723 54 49
724 54 50
725 54 52
726 54 53
727 55 2
728 55 3
729 55 4
730 55 7
731 55 14
732 55 16
733 55 17
734 55 18
735 55 21
736 55 28
737 55 29
738 55 33
739 55 34
740 55 38
741 55 41
742 55 45
743 55 47
744 55 49
745 55 51
746 55 52
747 55 53
748 56 1
749 56 2
750 56 4
751 56 8
752 56 11
753 56 14
754 56 16
755 56 17
756 56 21
757 56 23
758 56 26
759 56 27
760 56 28
761 56 33
762 56 36
763 56 38
764 56 39
765 56 40
766 56 42
767 56 43
768 56 45
769 56 47
770 56 48
771 56 49
772 57 0
773 57 2
774 57 3
775 57 6
776 57 7
777 57 8
778 57 10
779 57 13
780 57 20
781 57 22
782 57 23
783 57 32
784 57 35
785 57 39
786 57 40
787 57 42
788 57 45
789 57 46
790 57 51
791 57 52
792 57 54
793 57 55
794 58 4
795 58 6
796 58 7
797 58 12
798 58 19
799 58 20
800 58 21
801 58 26
802 58 27
803 58 28
804 58 31
805 58 33
806 58 34
807 58 35
808 58 39
809 58 40
810 58 41
811 58 45
812 58 47
813 58 48
814 58 49
815 58 50
816 58 53
817 58 56
818 59 0
819 59 1
820 59 6
821 59 7
822 59 10
823 59 11
824 59 16
825 59 17
826 59 18
827 59 19
828 59 20
829 59 21
830 59 22
831 59 23
832 59 26
833 59 28
834 59 29
835 59 32
836 59 35
837 59 37
838 59 39
839 59 42
840 59 46
841 59 48
842 59 50
843 59 52
844 59 54
845 60 1
846 60 4
847 60 5
848 60 6
849 60 8
850 60 10
851 60 12
852 60 16
853 60 18
854 60 27
855 60 29
856 60 31
857 60 32
858 60 33
859 60 34
860 60 35
861 60 37
862 60 39
863 60 40
864 60 44
865 60 45
866 60 46
867 60 47
868 60 50
869 60 52
870 60 54
871 60 56
872 61 0
873 61 1
874 61 2
875 61 5
876 61 6
877 61 8
878 61 11
879 61 12
880 61 13
881 61 15
882 61 17
883 61 19
884 61 23
885 61 24
886 61 25
887 61 27
888 61 28
889 61 30
890 61 31
891 61 32
892 61 34
893 61 35
894 61 36
895 61 37
896 61 38
897 61 40
898 61 41
899 61 43
900 61 44
901 61 46
902 61 51
903 61 53
904 61 54
905 61 56
906 61 59
907 61 60
908 62 2
909 62 3
910 62 6
911 62 8
912 62 10
913 62 11
914 62 12
915 62 13
916 62 15
917 62 17
918 62 18
919 62 20
920 62 22
921 62 23
922 62 24
923 62 25
924 62 30
925 62 31
926 62 32
927 62 37
928 62 38
929 62 40
930 62 43
931 62 44
932 62 46
933 62 47
934 62 48
935 62 50
936 62 51
937 62 53
938 62 56
939 62 60
940 63 0
941 63 1
942 63 3
943 63 5
944 63 7
945 63 9
946 63 10
947 63 11
948 63 12
949 63 14
950 63 15
951 63 17
952 63 18
953 63 19
954 63 24
955 63 27
956 63 28
957 63 29
958 63 30
959 63 35
960 63 38
961 63 40
962 63 41
963 63 43
964 63 44
965 63 46
966 63 51
967 63 53
968 63 58
969 63 59
970 63 60
971 64 3
972 64 5
973 64 7
974 64 9
975 64 10
976 64 11
977 64 12
978 64 13
979 64 15
980 64 16
981 64 18
982 64 19
983 64 20
984 64 21
985 64 24
986 64 25
987 64 27
988 64 28
989 64 30
990 64 34
991 64 37
992 64 39
993 64 40
994 64 41
995 64 42
996 64 43
997 64 44
998 64 46
999 64 48
1000 64 50
1001 64 51
1002 64 52
1003 64 53
1004 64 54
1005 64 55
1006 64 56
1007 64 57
1008 64 60
1009 65 0
1010 65 1
1011 65 5
1012 65 6
1013 65 8
1014 65 10
1015 65 12
1016 65 14
1017 65 15
1018 65 16
1019 65 19
1020 65 21
1021 65 24
1022 65 25
1023 65 26
1024 65 27
1025 65 28
1026 65 29
1027 65 30
1028 65 31
1029 65 33
1030 65 35
1031 65 36
1032 65 39
1033 65 40
1034 65 41
1035 65 42
1036 65 43
1037 65 46
1038 65 47
1039 65 52
1040 65 53
1041 65 54
1042 65 55
1043 65 56
1044 65 59
1045 65 60
1046 65 61
1047 65 63
1048 66 0
1049 66 1
1050 66 5
1051 66 6
1052 66 7
1053 66 9
1054 66 11
1055 66 12
1056 66 13
1057 66 15
1058 66 17
1059 66 18
1060 66 19
1061 66 23
1062 66 26
1063 66 30
1064 66 31
1065 66 32
1066 66 35
1067 66 36
1068 66 38
1069 66 40
1070 66 44
1071 66 47
1072 66 48
1073 66 49
1074 66 50
1075 66 51
1076 66 53
1077 66 54
1078 66 56
1079 66 61
1080 66 62
1081 66 63
1082 66 64
1083 66 65
1084 67 1
1085 67 3
1086 67 4
1087 67 7
1088 67 8
1089 67 9
1090 67 10
1091 67 11
1092 67 15
1093 67 18
1094 67 20
1095 67 21
1096 67 29
1097 67 30
1098 67 32
1099 67 34
1100 67 35
1101 67 37
1102 67 40
1103 67 41
1104 67 44
1105 67 45
1106 67 46
1107 67 52
1108 67 53
1109 67 56
1110 67 57
1111 67 58
1112 67 63
1113 67 64
1114 67 66
1115 68 0
1116 68 1
1117 68 2
1118 68 3
1119 68 4
1120 68 5
1121 68 8
1122 68 13
1123 68 14
1124 68 22
1125 68 23
1126 68 24
1127 68 25
1128 68 26
1129 68 29
1130 68 32
1131 68 33
1132 68 35
1133 68 40
1134 68 41
1135 68 42
1136 68 45
1137 68 47
1138 68 48
1139 68 50
1140 68 51
1141 68 52
1142 68 54
1143 68 56
1144 68 58
1145 68 59
1146 68 62
1147 68 63
1148 68 64
1149 68 67
1150 69 1
1151 69 2
1152 69 3
1153 69 5
1154 69 6
1155 69 8
1156 69 9
1157 69 10
1158 69 13
1159 69 17
1160 69 18
1161 69 20
1162 69 22
1163 69 24
1164 69 25
1165 69 26
1166 69 28
1167 69 29
1168 69 30
1169 69 31
1170 69 32
1171 69 33
1172 69 34
1173 69 45
1174 69 46
1175 69 48
1176 69 49
1177 69 51
1178 69 52
1179 69 54
1180 69 55
1181 69 57
1182 69 58
1183 69 63
1184 69 64
1185 69 67
1186 69 68
1187 70 0
1188 70 4
1189 70 6
1190 70 7
1191 70 14
1192 70 17
1193 70 18
1194 70 20
1195 70 24
1196 70 26
1197 70 29
1198 70 31
1199 70 32
1200 70 34
1201 70 35
1202 70 37
1203 70 38
1204 70 39
1205 70 40
1206 70 41
1207 70 43
1208 70 44
1209 70 47
1210 70 49
1211 70 51
1212 70 53
1213 70 57
1214 70 59
1215 70 60
1216 70 62
1217 70 63
1218 71 5
1219 71 7
1220 71 8
1221 71 10
1222 71 13
1223 71 16
1224 71 17
1225 71 19
1226 71 20
1227 71 22
1228 71 23
1229 71 26
1230 71 29
1231 71 30
1232 71 33
1233 71 36
1234 71 38
1235 71 40
1236 71 41
1237 71 42
1238 71 43
1239 71 45
1240 71 46
1241 71 47
1242 71 48
1243 71 49
1244 71 50
1245 71 54
1246 71 55
1247 71 59
1248 71 60
1249 71 61
1250 71 63
1251 71 64
1252 72 1
1253 72 4
1254 72 6
1255 72 7
1256 72 8
1257 72 10
1258 72 14
1259 72 16
1260 72 22
1261 72 23
1262 72 27
1263 72 28
1264 72 30
1265 72 31
1266 72 33
1267 72 37
1268 72 38
1269 72 39
1270 72 40
1271 72 41
1272 72 42
1273 72 44
1274 72 47
1275 72 48
1276 72 50
1277 72 52
1278 72 53
1279 72 57
1280 72 59
1281 72 60
1282 72 62
1283 72 63
1284 72 65
1285 72 67
1286 72 70
1287 73 0
1288 73 5
1289 73 7
1290 73 9
1291 73 10
1292 73 11
1293 73 12
1294 73 14
1295 73 15
1296 73 18
1297 73 19
1298 73 21
1299 73 22
1300 73 26
1301 73 27
1302 73 29
1303 73 31
1304 73 34
1305 73 35
1306 73 36
1307 73 37
1308 73 38
1309 73 39
1310 73 43
1311 73 45
1312 73 49
1313 73 52
1314 73 53
1315 73 54
1316 73 56
1317 73 57
1318 73 58
1319 73 59
1320 73 60
1321 73 63
1322 73 64
1323 73 66
1324 73 67
1325 73 68
1326 73 69
1327 73 71
1328 74 0
1329 74 1
1330 74 2
1331 74 3
1332 74 4
1333 74 5
1334 74 10
1335 74 11
1336 74 16
1337 74 18
1338 74 19
1339 74 23
1340 74 26
1341 74 28
1342 74 31
1343 74 33
1344 74 34
1345 74 35
1346 74 36
1347 74 38
1348 74 39
1349 74 43
1350 74 46
1351 74 47
1352 74 50
1353 74 54
1354 74 55
1355 74 56
1356 74 57
1357 74 58
1358 74 60
1359 74 61
1360 74 63
1361 74 64
1362 74 65
1363 74 66
1364 74 68
1365 74 69
1366 74 71
1367 74 73
1368 75 2
1369 75 4
1370 75 6
1371 75 7
1372 75 8
1373 75 9
1374 75 10
1375 75 11
1376 75 12
1377 75 13
1378 75 14
1379 75 17
1380 75 18
1381 75 19
1382 75 22
1383 75 24
1384 75 28
1385 75 29
1386 75 31
1387 75 33
1388 75 34
1389 75 35
1390 75 39
1391 75 41
1392 75 42
1393 75 44
1394 75 46
1395 75 49
1396 75 51
1397 75 52
1398 75 53
1399 75 57
1400 75 58
1401 75 61
1402 75 62
1403 75 64
1404 75 72
1405 75 73
1406 76 0
1407 76 2
1408 76 6
1409 76 7
1410 76 9
1411 76 11
1412 76 13
1413 76 14
1414 76 15
1415 76 16
1416 76 17
1417 76 23
1418 76 26
1419 76 27
1420 76 28
1421 76 32
1422 76 33
1423 76 34
1424 76 35
1425 76 36
1426 76 37
1427 76 38
1428 76 39
1429 76 41
1430 76 47
1431 76 48
1432 76 49
1433 76 50
1434 76 55
1435 76 57
1436 76 59
1437 76 62
1438 76 63
1439 76 65
1440 76 67
1441 76 68
1442 76 73
1443 77 0
1444 77 3
1445 77 11
1446 77 12
1447 77 15
1448 77 17
1449 77 18
1450 77 21
1451 77 22
1452 77 23
1453 77 24
1454 77 25
1455 77 26
1456 77 31
1457 77 35
1458 77 37
1459 77 38
1460 77 40
1461 77 42
1462 77 43
1463 77 46
1464 77 49
1465 77 50
1466 77 51
1467 77 53
1468 77 55
1469 77 58
1470 77 62
1471 77 69
1472 77 71
1473 77 73
1474 77 74
1475 77 75
1476 78 1
1477 78 2
1478 78 6
1479 78 7
1480 78 8
1481 78 12
1482 78 14
1483 78 15
1484 78 17
1485 78 18
1486 78 19
1487 78 22
1488 78 24
1489 78 25
1490 78 26
1491 78 27
1492 78 31
1493 78 35
1494 78 36
1495 78 38
1496 78 41
1497 78 44
1498 78 46
1499 78 47
1500 78 48
1501 78 49
1502 78 51
1503 78 55
1504 78 64
1505 78 65
1506 78 67
1507 78 68
1508 78 69
1509 78 70
1510 78 71
1511 78 73
1512 78 74
1513 78 75
1514 78 77
1515 79 2
1516 79 3
1517 79 4
1518 79 5
1519 79 6
1520 79 7
1521 79 8
1522 79 9
1523 79 13
1524 79 14
1525 79 15
1526 79 18
1527 79 19
1528 79 20
1529 79 21
1530 79 23
1531 79 27
1532 79 28
1533 79 29
1534 79 30
1535 79 31
1536 79 32
1537 79 33
1538 79 37
1539 79 45
1540 79 46
1541 79 47
1542 79 55
1543 79 57
1544 79 60
1545 79 61
1546 79 64
1547 79 65
1548 79 67
1549 79 68
1550 79 69
1551 79 74
1552 79 75
1553 80 1
1554 80 5
1555 80 11
1556 80 12
1557 80 13
1558 80 16
1559 80 17
1560 80 19
1561 80 20
1562 80 23
1563 80 30
1564 80 31
1565 80 32
1566 80 34
1567 80 35
1568 80 37
1569 80 38
1570 80 39
1571 80 42
1572 80 43
1573 80 44
1574 80 45
1575 80 47
1576 80 49
1577 80 54
1578 80 56
1579 80 58
1580 80 64
1581 80 66
1582 80 70
1583 80 71
1584 80 77
1585 80 78
1586 81 0
1587 81 4
1588 81 8
1589 81 12
1590 81 13
1591 81 14
1592 81 16
1593 81 17
1594 81 19
1595 81 21
1596 81 22
1597 81 23
1598 81 26
1599 81 28
1600 81 30
1601 81 31
1602 81 35
1603 81 36
1604 81 38
1605 81 39
1606 81 46
1607 81 48
1608 81 50
1609 81 52
1610 81 56
1611 81 57
1612 81 60
1613 81 62
1614 81 63
1615 81 66
1616 81 67
1617 81 70
1618 81 72
1619 81 75
1620 81 77
1621 81 78
1622 81 79
1623 82 1
1624 82 4
1625 82 7
1626 82 8
1627 82 9
1628 82 12
1629 82 17
1630 82 18
1631 82 20
1632 82 21
1633 82 23
1634 82 29
1635 82 30
1636 82 31
1637 82 32
1638 82 33
1639 82 35
1640 82 36
1641 82 40
1642 82 42
1643 82 43
1644 82 44
1645 82 45
1646 82 47
1647 82 48
1648 82 52
1649 82 54
1650 82 58
1651 82 61
1652 82 62
1653 82 63
1654 82 64
1655 82 66
1656 82 67
1657 82 70
1658 82 71
1659 82 72
1660 82 73
1661 82 75
1662 82 77
1663 82 79
1664 82 81
1665 83 4
1666 83 5
1667 83 6
1668 83 7
1669 83 9
1670 83 13
1671 83 14
1672 83 17
1673 83 18
1674 83 19
1675 83 24
1676 83 25
1677 83 26
1678 83 27
1679 83 29
1680 83 30
1681 83 32
1682 83 33
1683 83 34
1684 83 39
1685 83 41
1686 83 42
1687 83 46
1688 83 47
1689 83 49
1690 83 51
1691 83 53
1692 83 54
1693 83 55
1694 83 57
1695 83 58
1696 83 59
1697 83 61
1698 83 65
1699 83 66
1700 83 67
1701 83 68
1702 83 69
1703 83 74
1704 83 75
1705 83 79
1706 83 80
1707 83 81
1708 83 82
1709 84 3
1710 84 4
1711 84 5
1712 84 6
1713 84 9
1714 84 13
1715 84 14
1716 84 16
1717 84 18
1718 84 21
1719 84 26
1720 84 32
1721 84 33
1722 84 36
1723 84 41
1724 84 42
1725 84 43
1726 84 44
1727 84 45
1728 84 47
1729 84 48
1730 84 49
1731 84 52
1732 84 55
1733 84 57
1734 84 62
1735 84 63
1736 84 68
1737 84 69
1738 84 71
1739 84 72
1740 84 73
1741 84 74
1742 84 76
1743 84 77
1744 84 80
1745 84 81
1746 85 0
1747 85 2
1748 85 3
1749 85 6
1750 85 8
1751 85 9
1752 85 11
1753 85 12
1754 85 14
1755 85 16
1756 85 17
1757 85 24
1758 85 27
1759 85 28
1760 85 29
1761 85 30
1762 85 31
1763 85 33
1764 85 34
1765 85 35
1766 85 37
1767 85 38
1768 85 39
1769 85 40
1770 85 41
1771 85 44
1772 85 46
1773 85 47
1774 85 50
1775 85 51
1776 85 55
1777 85 57
1778 85 59
1779 85 60
1780 85 62
1781 85 65
1782 85 66
1783 85 67
1784 85 68
1785 85 70
1786 85 71
1787 85 73
1788 85 74
1789 85 75
1790 85 76
1791 85 80
1792 85 82
1793 86 2
1794 86 3
1795 86 4
1796 86 7
1797 86 8
1798 86 10
1799 86 11
1800 86 12
1801 86 14
1802 86 15
1803 86 20
1804 86 22
1805 86 24
1806 86 25
1807 86 26
1808 86 28
1809 86 29
1810 86 30
1811 86 36
1812 86 37
1813 86 39
1814 86 40
1815 86 41
1816 86 45
1817 86 48
1818 86 49
1819 86 50
1820 86 52
1821 86 53
1822 86 56
1823 86 57
1824 86 59
1825 86 60
1826 86 61
1827 86 62
1828 86 64
1829 86 66
1830 86 68
1831 86 69
1832 86 71
1833 86 72
1834 86 79
1835 86 80
1836 86 83
1837 86 84
1838 86 85
1839 87 0
1840 87 1
1841 87 4
1842 87 5
1843 87 6
1844 87 11
1845 87 12
1846 87 16
1847 87 30
1848 87 32
1849 87 39
1850 87 40
1851 87 41
1852 87 43
1853 87 45
1854 87 46
1855 87 51
1856 87 52
1857 87 55
1858 87 56
1859 87 60
1860 87 62
1861 87 65
1862 87 66
1863 87 68
1864 87 69
1865 87 74
1866 87 75
1867 87 78
1868 87 80
1869 87 81
1870 87 83
1871 87 84
1872 87 86
1873 88 0
1874 88 1
1875 88 2
1876 88 3
1877 88 4
1878 88 9
1879 88 12
1880 88 13
1881 88 14
1882 88 16
1883 88 22
1884 88 25
1885 88 26
1886 88 27
1887 88 30
1888 88 32
1889 88 33
1890 88 34
1891 88 36
1892 88 39
1893 88 40
1894 88 42
1895 88 44
1896 88 46
1897 88 48
1898 88 49
1899 88 52
1900 88 53
1901 88 57
1902 88 58
1903 88 59
1904 88 61
1905 88 62
1906 88 64
1907 88 66
1908 88 72
1909 88 73
1910 88 74
1911 88 75
1912 88 76
1913 88 78
1914 88 79
1915 88 82
1916 88 83
1917 88 84
1918 88 85
1919 88 86
1920 89 0
1921 89 1
1922 89 4
1923 89 5
1924 89 6
1925 89 7
1926 89 8
1927 89 12
1928 89 15
1929 89 16
1930 89 19
1931 89 20
1932 89 21
1933 89 23
1934 89 24
1935 89 25
1936 89 26
1937 89 31
1938 89 33
1939 89 35
1940 89 37
1941 89 39
1942 89 40
1943 89 41
1944 89 43
1945 89 45
1946 89 50
1947 89 51
1948 89 56
1949 89 57
1950 89 58
1951 89 59
1952 89 65
1953 89 66
1954 89 69
1955 89 70
1956 89 72
1957 89 75
1958 89 76
1959 89 78
1960 89 79
1961 89 82
1962 89 83
1963 89 84
1964 89 87
1965 89 88
1966 90 0
1967 90 15
1968 90 17
1969 90 19
1970 90 21
1971 90 22
1972 90 24
1973 90 26
1974 90 27
1975 90 28
1976 90 31
1977 90 32
1978 90 33
1979 90 34
1980 90 35
1981 90 36
1982 90 40
1983 90 42
1984 90 45
1985 90 46
1986 90 47
1987 90 48
1988 90 49
1989 90 50
1990 90 56
1991 90 57
1992 90 58
1993 90 60
1994 90 62
1995 90 65
1996 90 68
1997 90 69
1998 90 70
1999 90 71
2000 90 73
2001 90 74
2002 90 77
2003 90 85
2004 91 1
2005 91 2
2006 91 3
2007 91 7
2008 91 8
2009 91 12
2010 91 15
2011 91 16
2012 91 18
2013 91 19
2014 91 20
2015 91 26
2016 91 37
2017 91 38
2018 91 39
2019 91 41
2020 91 42
2021 91 45
2022 91 51
2023 91 52
2024 91 57
2025 91 59
2026 91 61
2027 91 63
2028 91 64
2029 91 66
2030 91 68
2031 91 69
2032 91 71
2033 91 73
2034 91 77
2035 91 78
2036 91 80
2037 91 81
2038 91 84
2039 91 85
2040 91 86
2041 91 87
2042 91 88
2043 92 0
2044 92 1
2045 92 4
2046 92 7
2047 92 8
2048 92 9
2049 92 10
2050 92 12
2051 92 13
2052 92 14
2053 92 16
2054 92 18
2055 92 19
2056 92 20
2057 92 21
2058 92 24
2059 92 25
2060 92 26
2061 92 29
2062 92 30
2063 92 33
2064 92 34
2065 92 35
2066 92 36
2067 92 37
2068 92 38
2069 92 39
2070 92 42
2071 92 44
2072 92 46
2073 92 47
2074 92 53
2075 92 55
2076 92 58
2077 92 59
2078 92 63
2079 92 64
2080 92 65
2081 92 66
2082 92 69
2083 92 70
2084 92 72
2085 92 77
2086 92 84
2087 92 87
2088 93 1
2089 93 2
2090 93 3
2091 93 4
2092 93 6
2093 93 7
2094 93 8
2095 93 9
2096 93 14
2097 93 16
2098 93 17
2099 93 20
2100 93 22
2101 93 25
2102 93 26
2103 93 27
2104 93 29
2105 93 30
2106 93 36
2107 93 37
2108 93 41
2109 93 44
2110 93 46
2111 93 47
2112 93 50
2113 93 53
2114 93 56
2115 93 58
2116 93 64
2117 93 66
2118 93 67
2119 93 68
2120 93 69
2121 93 70
2122 93 71
2123 93 72
2124 93 73
2125 93 74
2126 93 76
2127 93 77
2128 93 78
2129 93 79
2130 93 80
2131 93 81
2132 93 82
2133 93 87
2134 93 89
2135 93 91
2136 94 3
2137 94 5
2138 94 7
2139 94 8
2140 94 10
2141 94 11
2142 94 12
2143 94 13
2144 94 17
2145 94 19
2146 94 20
2147 94 21
2148 94 23
2149 94 24
2150 94 26
2151 94 27
2152 94 31
2153 94 33
2154 94 34
2155 94 35
2156 94 36
2157 94 41
2158 94 42
2159 94 43
2160 94 46
2161 94 47
2162 94 48
2163 94 49
2164 94 51
2165 94 56
2166 94 61
2167 94 64
2168 94 65
2169 94 67
2170 94 69
2171 94 72
2172 94 74
2173 94 75
2174 94 77
2175 94 80
2176 94 81
2177 94 82
2178 94 83
2179 94 85
2180 94 87
2181 94 90
2182 94 93
2183 95 0
2184 95 2
2185 95 5
2186 95 7
2187 95 13
2188 95 20
2189 95 22
2190 95 23
2191 95 27
2192 95 28
2193 95 29
2194 95 30
2195 95 32
2196 95 35
2197 95 36
2198 95 37
2199 95 38
2200 95 43
2201 95 45
2202 95 46
2203 95 47
2204 95 50
2205 95 53
2206 95 56
2207 95 62
2208 95 63
2209 95 65
2210 95 66
2211 95 68
2212 95 73
2213 95 75
2214 95 78
2215 95 80
2216 95 81
2217 95 82
2218 95 83
2219 95 94
2220 96 1
2221 96 7
2222 96 9
2223 96 14
2224 96 15
2225 96 19
2226 96 20
2227 96 22
2228 96 24
2229 96 26
2230 96 27
2231 96 29
2232 96 32
2233 96 36
2234 96 38
2235 96 40
2236 96 43
2237 96 44
2238 96 52
2239 96 53
2240 96 54
2241 96 55
2242 96 58
2243 96 59
2244 96 60
2245 96 62
2246 96 64
2247 96 67
2248 96 69
2249 96 71
2250 96 76
2251 96 78
2252 96 79
2253 96 80
2254 96 81
2255 96 82
2256 96 83
2257 96 85
2258 96 88
2259 96 91
2260 96 92
2261 96 93
2262 96 95
2263 97 0
2264 97 4
2265 97 5
2266 97 12
2267 97 13
2268 97 14
2269 97 20
2270 97 23
2271 97 24
2272 97 25
2273 97 28
2274 97 30
2275 97 31
2276 97 33
2277 97 35
2278 97 36
2279 97 38
2280 97 42
2281 97 45
2282 97 46
2283 97 48
2284 97 53
2285 97 55
2286 97 56
2287 97 58
2288 97 60
2289 97 62
2290 97 63
2291 97 64
2292 97 67
2293 97 69
2294 97 70
2295 97 71
2296 97 75
2297 97 77
2298 97 78
2299 97 79
2300 97 80
2301 97 81
2302 97 84
2303 97 86
2304 97 88
2305 97 89
2306 97 91
2307 98 0
2308 98 3
2309 98 4
2310 98 5
2311 98 8
2312 98 9
2313 98 10
2314 98 13
2315 98 14
2316 98 15
2317 98 17
2318 98 20
2319 98 24
2320 98 25
2321 98 26
2322 98 29
2323 98 30
2324 98 33
2325 98 36
2326 98 37
2327 98 38
2328 98 39
2329 98 40
2330 98 44
2331 98 46
2332 98 47
2333 98 49
2334 98 50
2335 98 54
2336 98 55
2337 98 56
2338 98 57
2339 98 58
2340 98 59
2341 98 60
2342 98 61
2343 98 63
2344 98 64
2345 98 65
2346 98 66
2347 98 69
2348 98 70
2349 98 72
2350 98 73
2351 98 74
2352 98 75
2353 98 77
2354 98 78
2355 98 79
2356 98 81
2357 98 83
2358 98 84
2359 98 90
2360 98 92
2361 98 94
2362 98 95
2363 98 97
2364 99 0
2365 99 1
2366 99 2
2367 99 3
2368 99 4
2369 99 7
2370 99 8
2371 99 13
2372 99 14
2373 99 16
2374 99 19
2375 99 20
2376 99 23
2377 99 24
2378 99 25
2379 99 26
2380 99 28
2381 99 29
2382 99 30
2383 99 33
2384 99 35
2385 99 37
2386 99 39
2387 99 40
2388 99 41
2389 99 47
2390 99 51
2391 99 56
2392 99 59
2393 99 60
2394 99 62
2395 99 63
2396 99 64
2397 99 65
2398 99 68
2399 99 69
2400 99 70
2401 99 72
2402 99 73
2403 99 74
2404 99 75
2405 99 76
2406 99 78
2407 99 79
2408 99 80
2409 99 83
2410 99 85
2411 99 86
2412 99 88
2413 99 89
2414 99 92
2415 99 93
2416 99 94
2417 99 95
2418 99 98
