91
0 3 1
1 7 6
2 8 1
3 8 4
4 8 5
5 8 6
6 9 4
7 10 6
8 10 8
9 12 0
10 12 2
11 12 3
12 12 9
13 12 10
14 13 10
15 13 11
16 14 1
17 14 2
18 14 8
19 14 10
20 14 11
21 16 6
22 17 9
23 18 0
24 18 3
25 19 5
26 19 8
27 19 9
28 19 13
29 19 14
30 20 0
31 20 9
32 20 14
33 22 7
34 23 14
35 23 21
36 25 24
37 26 23
38 26 22
39 26 24
40 26 21
41 27 23
42 27 25
43 28 25
44 28 27
45 29 27
46 30 22
47 30 24
48 30 28
49 31 10
50 32 27
51 33 31
52 33 32
53 35 31
54 36 34
55 36 32
56 37 35
57 37 34
58 38 32
59 39 32
60 39 33
61 39 37
62 40 31
63 40 32
64 40 34
65 40 35
66 41 36
67 41 37
68 41 38
69 41 39
70 43 33
71 43 34
72 43 35
73 44 39
74 45 33
75 45 38
76 46 35
77 46 36
78 46 39
79 46 41
80 46 43
81 46 45
82 47 37
83 47 42
84 47 43
85 47 45
86 48 40
87 48 41
88 49 33
89 49 40
90 49 41
91 49 43
